1 3719.173553466797 0.04828207194805145 0.8304985761642456 74.25480651855469 2e-05
2 4063.5439453125 0.0733078122138977 0.8185002207756042 185.48114013671875 2e-05
3 3941.918014526367 0.05579346418380737 0.8146873712539673 177.3336181640625 2e-05
4 3706.9447708129883 0.10656549781560898 0.9917792081832886 65.29084014892578 2e-05
1 3370.6039962768555 0.09139669686555862 0.9975258708000183 112.57392883300781 2e-05
2 3885.6887817382812 0.08157923817634583 0.8687101602554321 157.72555541992188 2e-05
3 3726.302574157715 0.08896204829216003 0.9836769104003906 129.18206787109375 2e-05
4 3176.29012298584 0.04167911782860756 2.276716709136963 65.06609344482422 2e-05
5 2454.7332763671875 0.09160318970680237 2.383004665374756 120.12093353271484 2e-05
6 2058.078945159912 0.08970850706100464 2.243739366531372 50.02778625488281 2e-05
7 1779.2434310913086 0.0703180804848671 3.019014358520508 53.955284118652344 2e-05
8 1559.624454498291 0.06255759298801422 3.3741672039031982 55.58558654785156 2e-05
9 1419.9290084838867 0.04694677144289017 2.3819491863250732 43.254112243652344 2e-05
10 1375.2494773864746 0.07512465864419937 2.42758846282959 66.39834594726562 2e-05
11 1303.6800727844238 0.0891251415014267 1.7188739776611328 36.13304138183594 2e-05
12 1284.7638092041016 0.0977972075343132 1.8073790073394775 66.87631225585938 2e-05
13 1240.13623046875 0.08194539695978165 1.2427738904953003 37.968814849853516 2e-05
14 1213.8831748962402 0.038254689425230026 1.7982549667358398 41.96526336669922 2e-05
15 1192.2350273132324 0.08733359724283218 1.1058515310287476 32.50715255737305 2e-05
16 1206.715145111084 0.08980461210012436 1.9896843433380127 69.8714599609375 2e-05
17 1184.1582260131836 0.06867404282093048 1.800110101699829 50.42402648925781 2e-05
18 1162.9719772338867 0.07037372887134552 1.6228618621826172 40.16007995605469 2e-05
19 1159.8692054748535 0.09810049086809158 1.7712535858154297 46.82330322265625 2e-05
20 1125.9486465454102 0.05749782919883728 0.9530620574951172 27.75720977783203 2e-05
21 1130.6800346374512 0.06807930022478104 1.7810004949569702 44.50565719604492 2e-05
22 1127.536464691162 0.07255566120147705 1.2489498853683472 50.390663146972656 2e-05
23 1111.5307350158691 0.059565868228673935 1.2964715957641602 42.01335906982422 2e-05
24 1104.8025283813477 0.07319220900535583 1.5006723403930664 36.48885726928711 2e-05
25 1105.8393478393555 0.07131871581077576 0.9658684134483337 45.484806060791016 2e-05
26 1085.231014251709 0.0619075782597065 1.480345368385315 35.76411437988281 2e-05
27 1113.412696838379 0.058571673929691315 1.303411841392517 68.04885864257812 2e-05
28 1079.3979606628418 0.07047799229621887 1.280848503112793 33.217750549316406 2e-05
29 1076.5859069824219 0.07500093430280685 1.2084872722625732 41.44553756713867 2e-05
30 1055.503812789917 0.030576949939131737 0.8705631494522095 24.74456024169922 2e-05
31 1059.889850616455 0.08706767857074738 1.518703818321228 33.945533752441406 2e-05
32 1065.571117401123 0.056937623769044876 1.396975040435791 48.89678192138672 2e-05
33 1066.2072410583496 0.0945006012916565 1.3602772951126099 49.38493347167969 2e-05
34 1052.550136566162 0.06001866236329079 1.260305643081665 45.8438720703125 2e-05
35 1047.4034881591797 0.04620102047920227 0.8961095809936523 39.42508316040039 2e-05
36 1037.8146667480469 0.06668230891227722 1.1820347309112549 32.39424514770508 2e-05
37 1048.6232566833496 0.07557663321495056 1.2478320598602295 52.76499938964844 2e-05
38 1045.216423034668 0.07344681024551392 1.1118649244308472 51.907310485839844 2e-05
39 1039.0643997192383 0.05319872125983238 1.4153321981430054 55.02448654174805 2e-05
40 1031.8161392211914 0.05760940909385681 0.9117645621299744 38.94831085205078 2e-05
41 1041.216896057129 0.10258569568395615 1.8103264570236206 50.22420120239258 2e-05
42 1014.318244934082 0.0583350770175457 1.0651476383209229 36.24181365966797 2e-05
43 1014.9078025817871 0.07896935194730759 0.973052978515625 40.58059310913086 2e-05
44 1026.410888671875 0.07313480973243713 1.1199177503585815 50.04439926147461 2e-05
45 1012.4735260009766 0.05666804313659668 0.9030992388725281 35.19743728637695 2e-05
46 1004.7595062255859 0.0591120570898056 0.9396647810935974 39.707889556884766 2e-05
47 988.9286155700684 0.052980851382017136 1.0357093811035156 33.53322219848633 2e-05
48 1006.7405548095703 0.06252308934926987 0.8758767247200012 52.689537048339844 2e-05
49 989.3869285583496 0.05142578110098839 0.9405466318130493 39.59614944458008 2e-05
50 985.8222522735596 0.06889388710260391 0.8672981262207031 27.782472610473633 2e-05
51 997.5784912109375 0.0615406334400177 0.8401830792427063 51.679840087890625 2e-05
52 979.3218154907227 0.04862449690699577 0.9902467727661133 35.78107452392578 2e-05
53 964.4642391204834 0.020186565816402435 0.7177903056144714 17.345937728881836 2e-05
54 991.8557586669922 0.07352370023727417 1.074649453163147 49.81321334838867 2e-05
55 965.7213516235352 0.06140413507819176 0.9499151110649109 24.191064834594727 2e-05
56 970.0737915039062 0.04487048462033272 0.834026038646698 38.358699798583984 2e-05
57 964.9785823822021 0.08067525923252106 0.7931498885154724 30.681528091430664 2e-05
58 964.3556289672852 0.08769094944000244 0.9541017413139343 39.57257080078125 2e-05
59 979.2761650085449 0.06015491485595703 1.0878583192825317 48.26896667480469 2e-05
60 972.4823665618896 0.07244240492582321 1.3791052103042603 49.50379180908203 2e-05
61 963.9610214233398 0.06175147369503975 1.1187915802001953 41.27558517456055 2e-05
62 965.2602195739746 0.06260333210229874 0.8330017328262329 39.65967559814453 2e-05
63 953.0811920166016 0.053720004856586456 0.8534659743309021 34.171485900878906 2e-05
64 953.4975776672363 0.08277130872011185 1.6446746587753296 37.133094787597656 2e-05
65 938.1394634246826 0.03278333693742752 0.8155257105827332 20.411718368530273 2e-05
66 947.8033294677734 0.06575806438922882 1.0360565185546875 36.966880798339844 2e-05
67 976.5797004699707 0.09576378762722015 1.064616084098816 73.4428482055664 2e-05
68 946.0789470672607 0.055166732519865036 1.0210565328598022 35.75493240356445 2e-05
69 935.6401195526123 0.041290853172540665 0.8603130578994751 29.936630249023438 2e-05
70 954.626781463623 0.088627390563488 1.4366101026535034 52.937225341796875 2e-05
71 944.9416923522949 0.056801192462444305 0.8821577429771423 42.6605339050293 2e-05
72 924.2392597198486 0.040472641587257385 0.8732263445854187 25.216859817504883 2e-05
73 929.0067481994629 0.09026619791984558 1.0482895374298096 31.302494049072266 2e-05
74 927.5015335083008 0.04261809587478638 1.0686310529708862 32.85789108276367 2e-05
75 933.4317932128906 0.03807790204882622 0.9023619890213013 42.89995193481445 2e-05
76 940.9175758361816 0.05082681402564049 1.2271250486373901 54.28040313720703 2e-05
77 948.5823993682861 0.07010728120803833 0.8917207717895508 61.69715881347656 2e-05
78 915.5966949462891 0.06390105932950974 1.4580796957015991 29.902591705322266 2e-05
79 932.6078834533691 0.06864172220230103 0.8570993542671204 42.23379898071289 2e-05
80 911.5462589263916 0.056408029049634933 1.0656731128692627 27.263853073120117 2e-05
81 937.3099937438965 0.06714553385972977 1.0051130056381226 53.41130065917969 2e-05
82 916.3417510986328 0.058258190751075745 1.135258674621582 39.01060104370117 2e-05
83 905.5138130187988 0.04246623069047928 0.8292954564094543 30.058734893798828 2e-05
84 904.9684867858887 0.06352898478507996 1.56280517578125 27.328330993652344 2e-05
85 914.006555557251 0.04681956395506859 1.1588382720947266 40.6691780090332 2e-05
86 898.1024646759033 0.0805879533290863 0.7980248928070068 30.83900260925293 2e-05
87 892.5118980407715 0.03625483810901642 0.9054502844810486 24.645505905151367 2e-05
88 888.0376071929932 0.03169628232717514 0.7926880717277527 19.692766189575195 2e-05
89 894.5257835388184 0.08525267243385315 0.9363042712211609 33.583152770996094 2e-05
90 894.9255466461182 0.05588287115097046 1.0735924243927002 31.36913299560547 2e-05
91 926.2959289550781 0.09321428835391998 1.0032132863998413 71.52123260498047 2e-05
92 889.4674243927002 0.03952347859740257 0.9120455980300903 31.99027442932129 2e-05
93 894.2319984436035 0.08890306204557419 1.3409948348999023 41.414878845214844 2e-05
94 893.7553672790527 0.07022067159414291 1.024926781654358 39.653282165527344 2e-05
95 885.7655487060547 0.0921192392706871 1.0420794486999512 34.62074661254883 2e-05
96 878.5576877593994 0.05835201218724251 1.10381019115448 28.90680694580078 2e-05
97 895.6419105529785 0.06620705127716064 0.8605131506919861 44.71826934814453 2e-05
98 871.0093650817871 0.03650348633527756 0.9598428606987 24.663414001464844 2e-05
99 881.0000801086426 0.05218403413891792 1.0091224908828735 34.51062774658203 2e-05
100 874.0048217773438 0.06323825567960739 1.0721749067306519 29.994245529174805 1.8e-05
101 873.9205837249756 0.057522308081388474 1.0906695127487183 38.456207275390625 1.8e-05
102 871.7920665740967 0.045911867171525955 1.0614407062530518 38.05601119995117 1.8e-05
103 879.1108570098877 0.059675220400094986 0.9797689318656921 50.285430908203125 1.8e-05
104 881.0799980163574 0.08456138521432877 1.4226447343826294 47.734046936035156 1.8e-05
105 860.128511428833 0.04748411476612091 1.047537088394165 29.068572998046875 1.8e-05
106 869.7870674133301 0.08873823285102844 1.1250817775726318 42.13105773925781 1.8e-05
107 857.0784931182861 0.09095646440982819 1.108684778213501 33.34943771362305 1.8e-05
108 854.2555274963379 0.06139124557375908 1.1248167753219604 32.05234909057617 1.8e-05
109 844.8339862823486 0.03283919021487236 0.7852107882499695 26.47265625 1.8e-05
110 841.8273372650146 0.08662451803684235 0.8068713545799255 24.404314041137695 1.8e-05
111 856.6637325286865 0.08901076018810272 1.0043420791625977 43.59162139892578 1.8e-05
112 843.7431030273438 0.057835716754198074 1.0966161489486694 30.566598892211914 1.8e-05
113 864.9053287506104 0.05801783874630928 1.1135061979293823 53.492027282714844 1.8e-05
114 839.4701633453369 0.01799977570772171 0.8447770476341248 27.237592697143555 1.8e-05
115 861.2096214294434 0.06437971442937851 1.1720987558364868 51.95482635498047 1.8e-05
116 839.3293628692627 0.03768832981586456 0.9470182657241821 30.52225685119629 1.8e-05
117 828.3801460266113 0.05388932302594185 1.2181072235107422 28.770599365234375 1.8e-05
118 832.1851615905762 0.09468354284763336 1.4085475206375122 27.775388717651367 1.8e-05
119 825.402177810669 0.038847338408231735 0.9067678451538086 26.416284561157227 1.8e-05
120 846.6549606323242 0.060057204216718674 0.9805744290351868 48.08857345581055 1.8e-05
121 827.6441993713379 0.08030872792005539 0.860977292060852 27.575281143188477 1.8e-05
122 829.002405166626 0.057022884488105774 1.278773307800293 30.2322998046875 1.8e-05
123 832.1519222259521 0.0525825209915638 1.2891212701797485 43.039241790771484 1.8e-05
124 835.9646224975586 0.08999505639076233 1.1946089267730713 46.11060333251953 1.8e-05
125 844.7450218200684 0.08024438470602036 1.293649673461914 53.62215042114258 1.8e-05
126 822.4369010925293 0.08971195667982101 1.364012360572815 30.042423248291016 1.8e-05
127 843.4892177581787 0.09808159619569778 1.0834063291549683 67.07086181640625 1.8e-05
128 807.9624614715576 0.09343600273132324 1.3686703443527222 27.37696647644043 1.8e-05
129 812.2612113952637 0.04550368711352348 1.1781835556030273 34.62539291381836 1.8e-05
130 793.971960067749 0.07515396177768707 0.9928011298179626 24.09334373474121 1.8e-05
131 795.0411643981934 0.04463169351220131 1.0745456218719482 25.12893295288086 1.8e-05
132 807.3406600952148 0.0700780525803566 1.1096928119659424 33.37718200683594 1.8e-05
133 794.5922431945801 0.06225408613681793 1.0900429487228394 23.990259170532227 1.8e-05
134 777.061107635498 0.031235575675964355 0.8273725509643555 13.387659072875977 1.8e-05
135 806.0684871673584 0.06202297657728195 1.042943000793457 41.19532012939453 1.8e-05
136 800.8413505554199 0.07629569619894028 1.5023287534713745 33.57026672363281 1.8e-05
137 790.4289226531982 0.06284844130277634 1.0306767225265503 28.982389450073242 1.8e-05
138 786.9393634796143 0.05251336470246315 1.3192768096923828 34.92390060424805 1.8e-05
139 796.3653144836426 0.05778088420629501 1.3589375019073486 42.69612503051758 1.8e-05
140 779.0316753387451 0.044253360480070114 1.1624289751052856 28.88887596130371 1.8e-05
141 795.0728912353516 0.08241824805736542 1.156872034072876 43.8973274230957 1.8e-05
142 773.7431507110596 0.043751370161771774 1.0048143863677979 28.83906364440918 1.8e-05
143 755.6169595718384 0.03164087235927582 0.8314008712768555 12.207233428955078 1.8e-05
144 772.3361320495605 0.0687890574336052 1.13433837890625 29.335647583007812 1.8e-05
145 780.8753490447998 0.07439358532428741 1.180468201637268 42.451717376708984 1.8e-05
146 769.8548927307129 0.07492195814847946 1.0255107879638672 33.28669738769531 1.8e-05
147 763.6597747802734 0.05291806533932686 1.1146854162216187 28.286130905151367 1.8e-05
148 770.9727191925049 0.07714375108480453 1.3158538341522217 38.476688385009766 1.8e-05
149 765.1726531982422 0.0460774190723896 1.297068476676941 35.40470886230469 1.8e-05
150 753.045072555542 0.054682567715644836 1.101284384727478 24.327585220336914 1.8e-05
151 771.7348194122314 0.04469839856028557 1.4087861776351929 36.665626525878906 1.8e-05
152 743.7804622650146 0.027689360082149506 0.8617488741874695 18.209362030029297 1.8e-05
153 750.0738697052002 0.026812443509697914 0.9858768582344055 26.538108825683594 1.8e-05
154 754.5723743438721 0.0429951436817646 1.629044771194458 32.84927749633789 1.8e-05
155 746.0487155914307 0.03684552013874054 0.9108524322509766 28.208093643188477 1.8e-05
156 755.2417316436768 0.06605146825313568 1.3073810338974 43.788818359375 1.8e-05
157 748.892505645752 0.08098854869604111 1.2157447338104248 26.556575775146484 1.8e-05
158 738.9566745758057 0.0850486010313034 0.9824712872505188 19.146503448486328 1.8e-05
159 732.958818435669 0.05874324589967728 1.0843549966812134 18.51218605041504 1.8e-05
160 739.4594097137451 0.06662561744451523 1.1697899103164673 29.83557891845703 1.8e-05
161 730.021053314209 0.07919417321681976 1.1714519262313843 22.48166847229004 1.8e-05
162 714.2320737838745 0.03135637566447258 0.8424558639526367 12.201488494873047 1.8e-05
163 728.5679264068604 0.05705155432224274 1.315522313117981 31.395179748535156 1.8e-05
164 724.4323196411133 0.08634565770626068 1.1527173519134521 23.3139705657959 1.8e-05
165 721.4766883850098 0.0392538383603096 1.0658090114593506 21.583332061767578 1.8e-05
166 729.3722190856934 0.04988718032836914 1.1589006185531616 27.57177734375 1.8e-05
167 736.3759498596191 0.05943576619029045 1.2788538932800293 43.238372802734375 1.8e-05
168 721.0335483551025 0.04795581102371216 0.9404937624931335 28.61016273498535 1.8e-05
169 722.6199035644531 0.04450131207704544 1.4789053201675415 33.01188278198242 1.8e-05
170 710.0591239929199 0.02734418399631977 1.0285288095474243 23.447511672973633 1.8e-05
171 722.7145519256592 0.05282648280262947 1.4683837890625 28.28317642211914 1.8e-05
172 727.6203384399414 0.06996462494134903 1.2843159437179565 37.91231155395508 1.8e-05
173 712.9734630584717 0.0432622916996479 1.3704404830932617 27.859153747558594 1.8e-05
174 706.1939296722412 0.04159734770655632 1.077091097831726 22.127307891845703 1.8e-05
175 713.2718524932861 0.051631659269332886 1.1754204034805298 26.97495460510254 1.8e-05
176 701.7684116363525 0.03623681515455246 1.0163429975509644 23.555944442749023 1.8e-05
177 713.8869876861572 0.04637598618865013 1.240214467048645 36.95426940917969 1.8e-05
178 713.8800201416016 0.06336843222379684 1.1173852682113647 37.00056457519531 1.8e-05
179 700.7734928131104 0.031621597707271576 1.0382847785949707 22.58922004699707 1.8e-05
180 702.8447875976562 0.03442687541246414 1.017112135887146 28.206701278686523 1.8e-05
181 702.4240207672119 0.05751669406890869 1.2256053686141968 28.040796279907227 1.8e-05
182 701.8550968170166 0.06568504869937897 0.9520530700683594 25.758102416992188 1.8e-05
183 693.2814960479736 0.0780002772808075 1.1224849224090576 22.37821388244629 1.8e-05
184 694.3397026062012 0.04332051798701286 1.2274595499038696 24.339879989624023 1.8e-05
185 685.9237842559814 0.03575912490487099 1.0654064416885376 27.5797119140625 1.8e-05
186 691.6794319152832 0.07551030069589615 1.658321738243103 26.08803367614746 1.8e-05
187 681.1682186126709 0.04016447067260742 1.2069851160049438 22.8250789642334 1.8e-05
188 682.1918087005615 0.0312705896794796 1.048317551612854 21.972705841064453 1.8e-05
189 694.6755809783936 0.04227384552359581 1.451174020767212 39.82064437866211 1.8e-05
190 679.8302764892578 0.040671225637197495 1.3276863098144531 26.927209854125977 1.8e-05
191 679.7947406768799 0.08458102494478226 1.1820529699325562 23.12506103515625 1.8e-05
192 671.9101467132568 0.14296767115592957 1.1961315870285034 19.979341506958008 1.8e-05
193 675.8621616363525 0.08806414157152176 1.5034205913543701 32.84311294555664 1.8e-05
194 669.4380264282227 0.07579648494720459 1.3893178701400757 22.922771453857422 1.8e-05
195 670.6600036621094 0.05433744192123413 1.1714050769805908 24.482280731201172 1.8e-05
196 664.1684951782227 0.046581853181123734 0.9761295318603516 26.21649932861328 1.8e-05
197 680.9387302398682 0.055851250886917114 1.8105334043502808 34.30070495605469 1.8e-05
198 672.2934818267822 0.07735675573348999 1.4671454429626465 32.242637634277344 1.8e-05
199 669.6969757080078 0.09074009209871292 1.4827698469161987 32.011348724365234 1.8e-05
200 658.5163536071777 0.0572642982006073 1.116661787033081 18.896543502807617 1.62e-05
201 662.0092334747314 0.04581387713551521 1.4272602796554565 25.847524642944336 1.62e-05
202 667.0736484527588 0.057689495384693146 1.8345444202423096 32.372406005859375 1.62e-05
203 674.0366516113281 0.03999090939760208 1.4226187467575073 36.84934616088867 1.62e-05
204 679.7938232421875 0.0860721543431282 1.8515554666519165 49.40670394897461 1.62e-05
205 660.8645095825195 0.09096360206604004 1.651133418083191 31.70919418334961 1.62e-05
206 671.5249919891357 0.060468923300504684 1.6736620664596558 40.50749969482422 1.62e-05
207 660.1236629486084 0.05651697888970375 1.5291767120361328 32.9948844909668 1.62e-05
208 656.5280704498291 0.09267304837703705 1.364953637123108 29.56866455078125 1.62e-05
209 666.1715450286865 0.09893961995840073 1.5491694211959839 42.12717056274414 1.62e-05
210 653.9996566772461 0.08858382701873779 1.4315803050994873 33.082237243652344 1.62e-05
211 645.5243034362793 0.05596451833844185 1.1578972339630127 21.95494842529297 1.62e-05
212 638.7826290130615 0.042197275906801224 1.0029118061065674 16.906822204589844 1.62e-05
213 646.711030960083 0.0735679641366005 1.8481218814849854 26.062082290649414 1.62e-05
214 660.8463230133057 0.07263632863759995 1.4013471603393555 44.25876998901367 1.62e-05
215 634.9396514892578 0.03417522460222244 1.0300463438034058 20.445369720458984 1.62e-05
216 649.3848705291748 0.059785157442092896 1.7205663919448853 37.018245697021484 1.62e-05
217 642.5667591094971 0.07563059777021408 1.5389800071716309 29.694503784179688 1.62e-05
218 668.0164337158203 0.08835253119468689 1.3259047269821167 57.56074523925781 1.62e-05
219 642.0083637237549 0.05418979376554489 1.5204741954803467 27.54007911682129 1.62e-05
220 630.656717300415 0.07212929427623749 1.2432750463485718 18.653560638427734 1.62e-05
221 635.2171268463135 0.07332215458154678 1.1767908334732056 21.13219451904297 1.62e-05
222 641.9087467193604 0.08169705420732498 1.8469845056533813 35.41560745239258 1.62e-05
223 635.0619449615479 0.08120030164718628 1.331441879272461 27.339035034179688 1.62e-05
224 636.7423076629639 0.041029419749975204 1.1836893558502197 30.629274368286133 1.62e-05
225 630.6113529205322 0.04086141660809517 1.3130362033843994 25.944934844970703 1.62e-05
226 638.3979625701904 0.05923650041222572 1.7125755548477173 34.62759017944336 1.62e-05
227 617.0630588531494 0.04976419731974602 1.2113165855407715 14.649550437927246 1.62e-05
228 621.0949058532715 0.04432540759444237 1.3432484865188599 17.318662643432617 1.62e-05
229 630.667652130127 0.0810607448220253 1.5902979373931885 28.26144790649414 1.62e-05
230 628.8938999176025 0.039821557700634 1.398164987564087 26.09778594970703 1.62e-05
231 622.8196258544922 0.040972571820020676 1.3317993879318237 20.47333526611328 1.62e-05
232 623.4270324707031 0.09178537875413895 1.4586862325668335 27.8276309967041 1.62e-05
233 625.9744510650635 0.07270000129938126 2.037330389022827 35.648128509521484 1.62e-05
234 610.366024017334 0.11663077771663666 1.0702604055404663 16.572153091430664 1.62e-05
235 612.4396228790283 0.07939871400594711 1.5071228742599487 23.305927276611328 1.62e-05
236 612.0966033935547 0.03478198125958443 1.1084870100021362 16.071428298950195 1.62e-05
237 605.9243927001953 0.07042638212442398 1.262884497642517 17.398296356201172 1.62e-05
238 608.6531276702881 0.05472186580300331 1.1725857257843018 16.308427810668945 1.62e-05
239 618.3387031555176 0.04958321526646614 1.432108998298645 28.395057678222656 1.62e-05
240 611.533317565918 0.04128925874829292 1.2003755569458008 28.614397048950195 1.62e-05
241 606.4639854431152 0.046193402260541916 1.307716727256775 20.93538475036621 1.62e-05
242 599.2652206420898 0.051664452999830246 1.4713202714920044 16.676671981811523 1.62e-05
243 594.9798946380615 0.03839634731411934 1.1347694396972656 16.07199478149414 1.62e-05
244 606.7817401885986 0.04424728825688362 1.5222584009170532 23.09040069580078 1.62e-05
245 601.792652130127 0.03862546384334564 1.1530888080596924 18.760826110839844 1.62e-05
246 596.3215026855469 0.11701218038797379 1.091255784034729 15.95275592803955 1.62e-05
247 600.2893905639648 0.044155221432447433 1.0837466716766357 23.455371856689453 1.62e-05
248 604.8679065704346 0.07048997282981873 1.5151251554489136 29.08623695373535 1.62e-05
249 606.1969223022461 0.06915333122015 1.3549052476882935 29.00116729736328 1.62e-05
250 611.3643112182617 0.05922160670161247 1.5015873908996582 36.43532180786133 1.62e-05
251 593.8087921142578 0.07791005820035934 1.4745795726776123 19.40692138671875 1.62e-05
252 607.9727020263672 0.04171130061149597 1.8170273303985596 39.70685958862305 1.62e-05
253 609.9176177978516 0.09791723638772964 1.7468397617340088 37.45275115966797 1.62e-05
254 600.1297245025635 0.06001703813672066 1.415513277053833 28.35416030883789 1.62e-05
255 590.2074222564697 0.046997249126434326 1.5339981317520142 20.438644409179688 1.62e-05
256 587.050422668457 0.02596678026020527 1.0707978010177612 14.83740520477295 1.62e-05
257 594.7843856811523 0.05996442958712578 1.6235531568527222 26.696779251098633 1.62e-05
258 595.8072643280029 0.041573282331228256 1.2561346292495728 24.520212173461914 1.62e-05
259 598.3716335296631 0.06350895762443542 1.6400378942489624 29.55806541442871 1.62e-05
260 594.8020763397217 0.04756695032119751 1.3152061700820923 23.1000919342041 1.62e-05
261 590.3513736724854 0.07108431309461594 1.7814232110977173 25.18143653869629 1.62e-05
262 580.6043395996094 0.1434113085269928 1.318942904472351 17.86821937561035 1.62e-05
263 582.7833766937256 0.0527140237390995 1.5272126197814941 17.902332305908203 1.62e-05
264 599.3353672027588 0.059766218066215515 1.6305217742919922 33.82109451293945 1.62e-05
265 579.8998699188232 0.03229591250419617 1.0829418897628784 20.217639923095703 1.62e-05
266 585.3308525085449 0.07589122653007507 1.6832627058029175 22.988710403442383 1.62e-05
267 592.1933174133301 0.07206044346094131 1.6134529113769531 33.52174377441406 1.62e-05
268 578.2810821533203 0.0677526444196701 1.5466272830963135 20.052873611450195 1.62e-05
269 570.9689445495605 0.04491071775555611 1.3774025440216064 18.852201461791992 1.62e-05
270 581.807071685791 0.07293147593736649 1.6849809885025024 27.905794143676758 1.62e-05
271 569.2595043182373 0.05603991076350212 1.172394037246704 17.480966567993164 1.62e-05
272 576.8602924346924 0.048564016819000244 1.8598884344100952 21.640260696411133 1.62e-05
273 574.8278293609619 0.04062894731760025 1.490836262702942 24.818531036376953 1.62e-05
274 563.544135093689 0.020486844703555107 1.0177935361862183 7.971303462982178 1.62e-05
275 577.1260471343994 0.0810064971446991 1.596854567527771 30.532041549682617 1.62e-05
276 565.9509391784668 0.05415189638733864 1.6535329818725586 21.532182693481445 1.62e-05
277 564.8690891265869 0.06493519246578217 1.3381274938583374 16.765962600708008 1.62e-05
278 564.4189414978027 0.060823969542980194 1.3967949151992798 18.56540298461914 1.62e-05
279 568.5130405426025 0.054721567779779434 2.0586507320404053 26.58662986755371 1.62e-05
280 558.7636337280273 0.07680955529212952 1.1725693941116333 17.771562576293945 1.62e-05
281 565.0576934814453 0.09043193608522415 1.5948965549468994 20.386369705200195 1.62e-05
282 561.8766841888428 0.03202134370803833 1.327376365661621 20.185373306274414 1.62e-05
283 552.1286735534668 0.030561871826648712 0.9512361884117126 9.951969146728516 1.62e-05
284 558.4984836578369 0.049943823367357254 1.3297858238220215 16.327749252319336 1.62e-05
285 570.8787746429443 0.1132463738322258 1.7913025617599487 29.196605682373047 1.62e-05
286 561.3584423065186 0.059054408222436905 1.4202215671539307 18.01105499267578 1.62e-05
287 555.1304149627686 0.04950421676039696 1.4322004318237305 17.874107360839844 1.62e-05
288 555.1296691894531 0.017262479290366173 1.0492866039276123 19.133930206298828 1.62e-05
289 558.6628952026367 0.048311103135347366 1.4847465753555298 19.035823822021484 1.62e-05
290 552.7130107879639 0.04674680158495903 1.5915911197662354 17.756303787231445 1.62e-05
291 554.1085681915283 0.06103934347629547 1.6238659620285034 20.228788375854492 1.62e-05
292 548.0194053649902 0.11860504746437073 1.1579455137252808 14.558765411376953 1.62e-05
293 558.200798034668 0.06213266775012016 1.4066156148910522 24.716903686523438 1.62e-05
294 571.7536582946777 0.06171588972210884 2.673752546310425 40.79597473144531 1.62e-05
295 549.9168815612793 0.05183727294206619 1.428728461265564 20.60679817199707 1.62e-05
296 540.3284873962402 0.04324168339371681 1.0860519409179688 10.938140869140625 1.62e-05
297 548.9640426635742 0.03767557069659233 1.1545581817626953 14.934561729431152 1.62e-05
298 549.2888736724854 0.050084907561540604 1.459140658378601 17.358943939208984 1.62e-05
299 572.4702568054199 0.0697765201330185 2.536935806274414 47.67753601074219 1.62e-05
300 546.6160411834717 0.03593304753303528 1.5462416410446167 20.206457138061523 1.4580000000000001e-05
301 546.2060604095459 0.07220469415187836 1.538943886756897 20.586305618286133 1.4580000000000001e-05
302 546.1980686187744 0.03606148809194565 1.152107834815979 23.664304733276367 1.4580000000000001e-05
303 548.2705345153809 0.06758801639080048 1.6179924011230469 26.72665023803711 1.4580000000000001e-05
304 554.1507339477539 0.057956673204898834 1.7107967138290405 31.468311309814453 1.4580000000000001e-05
305 546.0889282226562 0.06516983360052109 1.6315672397613525 20.788179397583008 1.4580000000000001e-05
306 542.3659076690674 0.03930874541401863 1.4962462186813354 21.55156707763672 1.4580000000000001e-05
307 555.0300617218018 0.06163046881556511 2.6991326808929443 38.385231018066406 1.4580000000000001e-05
308 543.800085067749 0.07799262553453445 1.8572129011154175 23.576129913330078 1.4580000000000001e-05
309 536.6697120666504 0.04099021852016449 1.683092713356018 19.98185157775879 1.4580000000000001e-05
310 534.7738590240479 0.0163996871560812 1.0402053594589233 18.63446807861328 1.4580000000000001e-05
311 533.1613578796387 0.04187941178679466 1.4262022972106934 16.64668846130371 1.4580000000000001e-05
312 534.743127822876 0.048333797603845596 1.5006335973739624 17.92491912841797 1.4580000000000001e-05
313 537.591739654541 0.05914507806301117 1.8736804723739624 18.84375762939453 1.4580000000000001e-05
314 532.3463687896729 0.040344178676605225 1.5445811748504639 18.019580841064453 1.4580000000000001e-05
315 526.0688018798828 0.04306530952453613 1.4542438983917236 17.378637313842773 1.4580000000000001e-05
316 535.57958984375 0.05598194897174835 1.5347862243652344 20.599695205688477 1.4580000000000001e-05
317 531.8519859313965 0.046604227274656296 1.8837124109268188 20.606420516967773 1.4580000000000001e-05
318 525.347936630249 0.05182008445262909 1.470882534980774 19.237533569335938 1.4580000000000001e-05
319 522.2626094818115 0.050112977623939514 1.5678719282150269 14.885720252990723 1.4580000000000001e-05
320 523.8855724334717 0.04585476964712143 1.60299551486969 16.831192016601562 1.4580000000000001e-05
321 523.2133827209473 0.03655577823519707 1.5008604526519775 18.62859344482422 1.4580000000000001e-05
322 525.5152263641357 0.041014663875103 1.5784943103790283 20.954219818115234 1.4580000000000001e-05
323 515.2099742889404 0.03249270096421242 0.9643823504447937 8.521882057189941 1.4580000000000001e-05
324 519.9992561340332 0.056131038814783096 1.216798186302185 15.7279052734375 1.4580000000000001e-05
325 534.1919422149658 0.07288003712892532 1.6003271341323853 30.536846160888672 1.4580000000000001e-05
326 524.8463878631592 0.06979788839817047 1.6019028425216675 19.599655151367188 1.4580000000000001e-05
327 514.9544200897217 0.03121396154165268 0.9578703045845032 8.37502670288086 1.4580000000000001e-05
328 531.6074886322021 0.05351286008954048 2.2817676067352295 29.00018310546875 1.4580000000000001e-05
329 514.9907884597778 0.02965937927365303 1.0697535276412964 10.125821113586426 1.4580000000000001e-05
330 523.5736236572266 0.050765104591846466 1.7563704252243042 20.168956756591797 1.4580000000000001e-05
331 525.4883308410645 0.03632938861846924 1.4749773740768433 21.537517547607422 1.4580000000000001e-05
332 523.468900680542 0.04904061183333397 1.2644541263580322 22.411191940307617 1.4580000000000001e-05
333 521.5674362182617 0.07193943113088608 2.2161245346069336 23.15996742248535 1.4580000000000001e-05
334 519.4790782928467 0.043703775852918625 1.3390241861343384 20.08177375793457 1.4580000000000001e-05
335 518.3669624328613 0.03393813595175743 1.3565548658370972 17.60614776611328 1.4580000000000001e-05
336 521.5748443603516 0.07355791330337524 1.5897990465164185 24.126062393188477 1.4580000000000001e-05
337 536.3175048828125 0.07798448204994202 2.4018218517303467 38.868099212646484 1.4580000000000001e-05
338 506.21175384521484 0.05050482600927353 1.2769664525985718 13.303702354431152 1.4580000000000001e-05
339 514.9046058654785 0.03537692874670029 1.1645485162734985 21.840023040771484 1.4580000000000001e-05
340 522.0476226806641 0.06574666500091553 1.7372175455093384 30.889556884765625 1.4580000000000001e-05
341 518.425214767456 0.05218307673931122 1.9397779703140259 24.70598602294922 1.4580000000000001e-05
342 514.6194400787354 0.07270555198192596 1.6364898681640625 21.357423782348633 1.4580000000000001e-05
343 519.3035430908203 0.05076900124549866 1.737334132194519 26.752723693847656 1.4580000000000001e-05
344 515.3070793151855 0.07049109041690826 2.125624418258667 21.54678726196289 1.4580000000000001e-05
345 503.1305103302002 0.03607882186770439 1.2681126594543457 14.153589248657227 1.4580000000000001e-05
346 512.5641078948975 0.08238301426172256 1.7667301893234253 24.631389617919922 1.4580000000000001e-05
347 500.3262243270874 0.02451033890247345 1.1985386610031128 12.850882530212402 1.4580000000000001e-05
348 521.697681427002 0.07770257443189621 2.3482632637023926 36.72121047973633 1.4580000000000001e-05
349 512.6169567108154 0.04886277765035629 1.992915153503418 20.631132125854492 1.4580000000000001e-05
350 513.76051902771 0.055132001638412476 1.9629948139190674 27.967546463012695 1.4580000000000001e-05
351 497.28124141693115 0.047416552901268005 1.476276159286499 10.47122859954834 1.4580000000000001e-05
352 501.9476680755615 0.04457966238260269 1.781253457069397 21.52878189086914 1.4580000000000001e-05
353 509.01536560058594 0.050196439027786255 1.6102100610733032 22.97300910949707 1.4580000000000001e-05
354 510.47937393188477 0.09460045397281647 2.508026123046875 27.863204956054688 1.4580000000000001e-05
355 509.6155776977539 0.07215216755867004 1.6859477758407593 30.239410400390625 1.4580000000000001e-05
356 502.96369552612305 0.03580998256802559 1.2018691301345825 20.755640029907227 1.4580000000000001e-05
357 497.6163558959961 0.07772728055715561 1.7570651769638062 18.204315185546875 1.4580000000000001e-05
358 496.97287368774414 0.044450365006923676 1.6441318988800049 18.414365768432617 1.4580000000000001e-05
359 496.63745880126953 0.05356760323047638 1.6854652166366577 18.54336929321289 1.4580000000000001e-05
360 495.88405990600586 0.03442341089248657 1.278338074684143 18.53345489501953 1.4580000000000001e-05
361 499.06960105895996 0.03798981010913849 1.8407829999923706 18.177030563354492 1.4580000000000001e-05
362 497.70577239990234 0.047290392220020294 1.9465280771255493 19.887882232666016 1.4580000000000001e-05
363 506.8450355529785 0.11513278633356094 1.8090893030166626 27.782073974609375 1.4580000000000001e-05
364 496.60215759277344 0.05914245918393135 1.572593092918396 17.540447235107422 1.4580000000000001e-05
365 499.42322158813477 0.049911994487047195 2.161780595779419 22.755516052246094 1.4580000000000001e-05
366 479.8827419281006 0.033937618136405945 1.151347041130066 5.360466957092285 1.4580000000000001e-05
367 496.29222869873047 0.08806952089071274 2.058936357498169 24.73956298828125 1.4580000000000001e-05
368 493.73021507263184 0.04641665518283844 1.6617851257324219 19.47233772277832 1.4580000000000001e-05
369 494.6903476715088 0.05223551020026207 1.9183624982833862 24.003807067871094 1.4580000000000001e-05
370 492.682804107666 0.07197229564189911 1.7281769514083862 18.54494285583496 1.4580000000000001e-05
371 486.63873958587646 0.023341182619333267 1.4211617708206177 11.058853149414062 1.4580000000000001e-05
372 484.48546981811523 0.06977743655443192 1.3716003894805908 15.1555757522583 1.4580000000000001e-05
373 490.06229972839355 0.07336906343698502 1.687683343887329 18.864713668823242 1.4580000000000001e-05
374 487.07066917419434 0.044956453144550323 1.5300971269607544 15.579974174499512 1.4580000000000001e-05
375 483.36212158203125 0.04536919668316841 1.4755057096481323 15.237129211425781 1.4580000000000001e-05
376 486.0792751312256 0.043136101216077805 1.9792371988296509 19.650392532348633 1.4580000000000001e-05
377 481.09902477264404 0.07439737766981125 1.7026252746582031 13.84288215637207 1.4580000000000001e-05
378 481.5916223526001 0.028755417093634605 1.2608933448791504 13.658002853393555 1.4580000000000001e-05
379 490.5325508117676 0.049483977258205414 1.8888362646102905 24.65058708190918 1.4580000000000001e-05
380 484.78807640075684 0.03607292100787163 1.8089675903320312 19.162128448486328 1.4580000000000001e-05
381 477.57586097717285 0.04311921447515488 1.4169152975082397 16.164451599121094 1.4580000000000001e-05
382 485.3411703109741 0.07909828424453735 1.320476770401001 20.91246795654297 1.4580000000000001e-05
383 478.55385971069336 0.05844639614224434 1.2146292924880981 17.50577163696289 1.4580000000000001e-05
384 479.6893882751465 0.05193798243999481 1.4401476383209229 19.538999557495117 1.4580000000000001e-05
385 479.23127937316895 0.042405325919389725 1.3666929006576538 20.020172119140625 1.4580000000000001e-05
386 483.2689437866211 0.03839292749762535 1.461808204650879 20.172914505004883 1.4580000000000001e-05
387 485.8088207244873 0.06182394549250603 1.7254894971847534 22.459680557250977 1.4580000000000001e-05
388 482.1624355316162 0.0405573770403862 1.4882781505584717 18.311681747436523 1.4580000000000001e-05
389 479.17780590057373 0.060923535376787186 1.6232109069824219 17.38778305053711 1.4580000000000001e-05
390 486.08900356292725 0.0923079252243042 2.6025047302246094 25.2546443939209 1.4580000000000001e-05
391 466.1739253997803 0.030340051278471947 1.029339075088501 8.882984161376953 1.4580000000000001e-05
392 475.97534370422363 0.0633654072880745 2.1004769802093506 19.667734146118164 1.4580000000000001e-05
393 472.7297077178955 0.04287596791982651 1.7573931217193604 17.646888732910156 1.4580000000000001e-05
394 475.234655380249 0.07691225409507751 1.8008337020874023 21.07335662841797 1.4580000000000001e-05
395 481.7665767669678 0.053049277514219284 1.753153681755066 25.26689338684082 1.4580000000000001e-05
396 479.9765396118164 0.03598197549581528 1.751886248588562 21.464563369750977 1.4580000000000001e-05
397 470.9910726547241 0.03737235814332962 1.629655122756958 14.789595603942871 1.4580000000000001e-05
398 468.42301654815674 0.04316085949540138 1.621616005897522 16.434785842895508 1.4580000000000001e-05
399 473.9669589996338 0.04328638315200806 1.3738659620285034 19.885677337646484 1.4580000000000001e-05
400 491.92648124694824 0.07097375392913818 2.893808364868164 38.878047943115234 1.3122e-05
401 471.15967178344727 0.047720737755298615 1.646945595741272 15.967251777648926 1.3122e-05
402 473.6425971984863 0.062267083674669266 1.7421900033950806 24.20098304748535 1.3122e-05
403 467.625431060791 0.04239377751946449 1.6664482355117798 15.711179733276367 1.3122e-05
404 473.04150009155273 0.05603605508804321 1.7211681604385376 18.679779052734375 1.3122e-05
405 468.69560050964355 0.06364183872938156 1.8255300521850586 23.146007537841797 1.3122e-05
406 476.0231227874756 0.05035356432199478 1.7763293981552124 22.476472854614258 1.3122e-05
407 466.6196689605713 0.05801288038492203 1.588652491569519 16.91064453125 1.3122e-05
408 459.40380859375 0.022664347663521767 1.4588993787765503 10.760406494140625 1.3122e-05
409 465.2917757034302 0.051243335008621216 1.5697320699691772 21.10401153564453 1.3122e-05
410 461.4242858886719 0.04053395241498947 1.595685601234436 15.168476104736328 1.3122e-05
411 462.84782695770264 0.05656023696064949 1.86815345287323 16.252046585083008 1.3122e-05
412 461.3287754058838 0.04879463464021683 1.6468628644943237 16.27109146118164 1.3122e-05
413 474.9451484680176 0.08094754070043564 2.1230835914611816 34.042415618896484 1.3122e-05
414 457.2793254852295 0.023320557549595833 1.4513921737670898 10.862125396728516 1.3122e-05
415 464.96590423583984 0.042958833277225494 1.4808861017227173 19.704967498779297 1.3122e-05
416 465.80687522888184 0.055908188223838806 1.487542986869812 21.594404220581055 1.3122e-05
417 459.099308013916 0.0467090979218483 1.4258235692977905 14.954631805419922 1.3122e-05
418 454.97092056274414 0.035995062440633774 1.2024143934249878 12.726618766784668 1.3122e-05
419 455.88586139678955 0.032157253473997116 1.5038022994995117 14.257342338562012 1.3122e-05
420 468.45706844329834 0.05755212530493736 2.080120325088501 24.363191604614258 1.3122e-05
421 449.23927879333496 0.029446134343743324 1.125576376914978 7.536086559295654 1.3122e-05
422 459.1007356643677 0.055675990879535675 1.5710461139678955 20.302160263061523 1.3122e-05
423 456.6821460723877 0.0790855810046196 1.9088693857192993 18.392911911010742 1.3122e-05
424 462.35873794555664 0.03975397348403931 2.049511432647705 21.27912139892578 1.3122e-05
425 453.15650939941406 0.04212789982557297 1.5830423831939697 14.403270721435547 1.3122e-05
426 453.7820796966553 0.038493815809488297 1.2835732698440552 16.51567840576172 1.3122e-05
427 459.18388271331787 0.04078492149710655 1.5169306993484497 19.746843338012695 1.3122e-05
428 451.62443923950195 0.03943394124507904 1.6380481719970703 16.036359786987305 1.3122e-05
429 453.7485933303833 0.0510493740439415 2.372138500213623 19.82831382751465 1.3122e-05
430 460.3072099685669 0.05795660242438316 1.8399639129638672 21.795745849609375 1.3122e-05
431 447.1628084182739 0.022202176973223686 1.4843475818634033 10.607199668884277 1.3122e-05
432 457.5355911254883 0.060789912939071655 2.304032325744629 24.30882453918457 1.3122e-05
433 446.10622215270996 0.0388258695602417 1.4507473707199097 11.783751487731934 1.3122e-05
434 450.44238090515137 0.04049239307641983 1.984548807144165 18.61426544189453 1.3122e-05
435 446.43064403533936 0.05522911623120308 1.5882817506790161 15.528812408447266 1.3122e-05
436 448.3186502456665 0.027843205258250237 1.2561321258544922 15.023006439208984 1.3122e-05
437 446.9293441772461 0.03968503698706627 1.6136678457260132 17.484786987304688 1.3122e-05
438 450.52977752685547 0.04946817457675934 1.9905986785888672 21.845291137695312 1.3122e-05
439 443.25634956359863 0.038005657494068146 1.5726351737976074 12.8765230178833 1.3122e-05
440 446.91850662231445 0.05179966986179352 1.694008469581604 18.4935359954834 1.3122e-05
441 447.6258764266968 0.07790669053792953 2.0619280338287354 17.914804458618164 1.3122e-05
442 446.49857807159424 0.03227074444293976 1.5535551309585571 17.69513511657715 1.3122e-05
443 443.14822578430176 0.052476897835731506 1.3978815078735352 12.844529151916504 1.3122e-05
444 442.99739265441895 0.027395615354180336 1.2985321283340454 11.985031127929688 1.3122e-05
445 440.1949996948242 0.05265709012746811 1.495320439338684 10.771936416625977 1.3122e-05
446 446.8077344894409 0.04760472849011421 1.619264006614685 19.714801788330078 1.3122e-05
447 439.08415508270264 0.02374141477048397 1.2533655166625977 11.252386093139648 1.3122e-05
448 440.98320293426514 0.04982718080282211 1.7619926929473877 19.11147689819336 1.3122e-05
449 440.16418266296387 0.03828995302319527 1.611968994140625 15.388435363769531 1.3122e-05
450 443.519326210022 0.04283728823065758 1.824312448501587 18.069190979003906 1.3122e-05
451 445.15439796447754 0.051363714039325714 1.552933931350708 17.64484977722168 1.3122e-05
452 433.8621139526367 0.030247677117586136 1.055200219154358 8.382400512695312 1.3122e-05
453 442.6561031341553 0.026196889579296112 1.697426199913025 16.54241943359375 1.3122e-05
454 443.58466148376465 0.06904032826423645 1.3889245986938477 20.768112182617188 1.3122e-05
455 433.5849313735962 0.030535714700818062 1.2674397230148315 10.258772850036621 1.3122e-05
456 439.6634359359741 0.040552981197834015 1.4049440622329712 17.000221252441406 1.3122e-05
457 438.7851810455322 0.07463310658931732 1.728952407836914 16.071659088134766 1.3122e-05
458 436.8774118423462 0.05425972864031792 1.5582369565963745 16.839588165283203 1.3122e-05
459 439.1734371185303 0.050670597702264786 1.6020809412002563 16.869831085205078 1.3122e-05
460 439.4424772262573 0.05577440559864044 1.997186303138733 18.065330505371094 1.3122e-05
461 436.1931619644165 0.06018877774477005 1.9891277551651 20.047067642211914 1.3122e-05
462 426.73858642578125 0.03288659825921059 1.1527189016342163 5.0188679695129395 1.3122e-05
463 439.85097312927246 0.05672157555818558 1.936967134475708 19.528064727783203 1.3122e-05
464 434.4432764053345 0.032020825892686844 1.3621246814727783 14.718045234680176 1.3122e-05
465 430.45571517944336 0.0459117591381073 1.6420879364013672 11.471004486083984 1.3122e-05
466 427.845383644104 0.03013180010020733 1.2385892868041992 9.497995376586914 1.3122e-05
467 433.9484624862671 0.048609912395477295 1.744304895401001 18.262027740478516 1.3122e-05
468 435.16416931152344 0.03876051306724548 1.4651092290878296 18.397878646850586 1.3122e-05
469 442.48555088043213 0.07701151818037033 2.043358325958252 22.760482788085938 1.3122e-05
470 436.4044761657715 0.05924079567193985 2.1517086029052734 16.8234806060791 1.3122e-05
471 433.4152879714966 0.061083145439624786 1.7688549757003784 15.058730125427246 1.3122e-05
472 432.0903100967407 0.04071856662631035 1.3621891736984253 16.70553207397461 1.3122e-05
473 429.36899280548096 0.04078855365514755 1.3978132009506226 13.954300880432129 1.3122e-05
474 431.82064723968506 0.04987238720059395 1.5718039274215698 15.877962112426758 1.3122e-05
475 434.0350732803345 0.04600183293223381 1.6317386627197266 20.806385040283203 1.3122e-05
476 430.519287109375 0.05459415912628174 1.942195177078247 18.142147064208984 1.3122e-05
477 429.9425964355469 0.04044235870242119 2.0637776851654053 17.357711791992188 1.3122e-05
478 428.06573009490967 0.040734536945819855 1.447524905204773 12.76589584350586 1.3122e-05
479 428.1188802719116 0.043404802680015564 1.823425531387329 15.169510841369629 1.3122e-05
480 433.3915014266968 0.04137236252427101 1.9072006940841675 22.75098419189453 1.3122e-05
481 426.1930522918701 0.03638840466737747 1.5036205053329468 14.670440673828125 1.3122e-05
482 422.21848011016846 0.036517441272735596 1.4928550720214844 15.726041793823242 1.3122e-05
483 426.586706161499 0.07767704874277115 1.9008201360702515 18.732501983642578 1.3122e-05
484 425.04698276519775 0.036077726632356644 1.411423921585083 15.100262641906738 1.3122e-05
485 423.97418689727783 0.04897787794470787 1.5338847637176514 16.183868408203125 1.3122e-05
486 430.4618911743164 0.06525153666734695 2.015920639038086 19.92620849609375 1.3122e-05
487 427.3502788543701 0.05645570531487465 1.8954966068267822 18.51052474975586 1.3122e-05
488 425.22098445892334 0.0471535362303257 1.6717246770858765 14.206986427307129 1.3122e-05
489 421.44504833221436 0.0326625220477581 1.6561065912246704 15.186898231506348 1.3122e-05
490 421.64126777648926 0.04714518040418625 1.657680869102478 13.518415451049805 1.3122e-05
491 422.76557636260986 0.025449346750974655 1.2690645456314087 11.56312370300293 1.3122e-05
492 425.48983097076416 0.047572214156389236 2.0953915119171143 19.15509796142578 1.3122e-05
493 426.03596210479736 0.04516667127609253 2.0248637199401855 17.306089401245117 1.3122e-05
494 422.4346580505371 0.050143804401159286 1.8094284534454346 19.64263343811035 1.3122e-05
495 430.8110942840576 0.06039519980549812 2.0377421379089355 25.297164916992188 1.3122e-05
496 415.4597406387329 0.07475264370441437 1.2754278182983398 12.908576965332031 1.3122e-05
497 418.56688594818115 0.04146517068147659 1.7210760116577148 13.256330490112305 1.3122e-05
498 425.68572998046875 0.05692283436655998 1.992844820022583 22.23053741455078 1.3122e-05
499 418.83422470092773 0.0639525055885315 1.7574141025543213 15.085427284240723 1.3122e-05
500 419.9610061645508 0.04160469025373459 2.0201241970062256 16.86611557006836 1.1809800000000002e-05
501 420.3990087509155 0.06908763945102692 2.344756841659546 19.858924865722656 1.1809800000000002e-05
502 424.43262100219727 0.08430338650941849 2.0747413635253906 19.767284393310547 1.1809800000000002e-05
503 415.9423580169678 0.0445219948887825 1.463765025138855 15.626633644104004 1.1809800000000002e-05
504 417.35784244537354 0.08674296736717224 2.356248617172241 19.22714614868164 1.1809800000000002e-05
505 413.3960599899292 0.04008020833134651 1.9579906463623047 16.615671157836914 1.1809800000000002e-05
506 412.31540393829346 0.027106402441859245 1.4044783115386963 14.733196258544922 1.1809800000000002e-05
507 410.81774616241455 0.0392952486872673 1.554709792137146 12.467449188232422 1.1809800000000002e-05
508 407.8287019729614 0.02960376814007759 1.3244019746780396 9.458372116088867 1.1809800000000002e-05
509 417.9624891281128 0.054769162088632584 1.9178024530410767 20.662109375 1.1809800000000002e-05
510 416.36460876464844 0.05437998101115227 1.9489212036132812 18.41266632080078 1.1809800000000002e-05
511 414.57515716552734 0.03583269938826561 1.8096996545791626 16.475658416748047 1.1809800000000002e-05
512 413.0207185745239 0.05951641499996185 1.7946751117706299 13.829258918762207 1.1809800000000002e-05
513 420.5385551452637 0.04562933370471001 2.0192387104034424 23.92824935913086 1.1809800000000002e-05
514 410.64400005340576 0.031217753887176514 1.6124536991119385 14.499403953552246 1.1809800000000002e-05
515 406.4805574417114 0.048305973410606384 1.579355001449585 15.392189025878906 1.1809800000000002e-05
516 410.62113666534424 0.04792257398366928 1.8038688898086548 17.440860748291016 1.1809800000000002e-05
517 405.25805377960205 0.021261239424347878 1.5098870992660522 9.368277549743652 1.1809800000000002e-05
518 414.21722316741943 0.03817830607295036 1.7435661554336548 16.8701171875 1.1809800000000002e-05
519 404.38567447662354 0.03982926532626152 1.5926364660263062 11.911904335021973 1.1809800000000002e-05
520 404.814564704895 0.053514495491981506 1.6824791431427002 14.547322273254395 1.1809800000000002e-05
521 409.4992046356201 0.03740537539124489 1.7735525369644165 14.391510009765625 1.1809800000000002e-05
522 407.9195194244385 0.052973560988903046 1.7729965448379517 16.71757698059082 1.1809800000000002e-05
523 403.43156337738037 0.03944529592990875 1.8341398239135742 14.822293281555176 1.1809800000000002e-05
524 404.47750663757324 0.05506814271211624 1.713160753250122 14.064891815185547 1.1809800000000002e-05
525 402.6665496826172 0.05869096890091896 1.317733645439148 9.113987922668457 1.1809800000000002e-05
526 400.3671360015869 0.04393206536769867 1.1899062395095825 11.221525192260742 1.1809800000000002e-05
527 408.24478244781494 0.04383598640561104 1.9413337707519531 19.29084014892578 1.1809800000000002e-05
528 406.52036571502686 0.03868517279624939 1.4949431419372559 17.29301643371582 1.1809800000000002e-05
529 406.81781578063965 0.07101410627365112 1.682533860206604 15.155580520629883 1.1809800000000002e-05
530 410.5291795730591 0.06736286729574203 1.8926018476486206 23.081905364990234 1.1809800000000002e-05
531 407.6601219177246 0.07185139507055283 1.7524852752685547 18.83123779296875 1.1809800000000002e-05
532 401.5593852996826 0.031330984085798264 1.493469476699829 12.316768646240234 1.1809800000000002e-05
533 402.35437774658203 0.07240305095911026 1.8140591382980347 15.369390487670898 1.1809800000000002e-05
534 403.35475635528564 0.043627433478832245 1.9920376539230347 17.110139846801758 1.1809800000000002e-05
535 404.57378482818604 0.08527515083551407 2.3557591438293457 17.756641387939453 1.1809800000000002e-05
536 403.162633895874 0.03836434707045555 1.3732309341430664 15.372119903564453 1.1809800000000002e-05
537 402.4810914993286 0.03979865461587906 1.7919005155563354 14.410748481750488 1.1809800000000002e-05
538 403.0380640029907 0.040038008242845535 1.98334538936615 15.707919120788574 1.1809800000000002e-05
539 396.8052101135254 0.03616359457373619 1.683648705482483 11.975651741027832 1.1809800000000002e-05
540 404.3320360183716 0.06541456282138824 2.4132728576660156 20.790878295898438 1.1809800000000002e-05
541 398.0471496582031 0.04083317145705223 1.6958000659942627 12.350509643554688 1.1809800000000002e-05
542 399.69842052459717 0.037464454770088196 1.672092080116272 15.845955848693848 1.1809800000000002e-05
543 402.97020626068115 0.04401737451553345 1.971749186515808 16.954479217529297 1.1809800000000002e-05
544 397.1620798110962 0.034333981573581696 1.2851614952087402 11.437030792236328 1.1809800000000002e-05
545 402.5864305496216 0.06876468658447266 1.5459939241409302 17.929101943969727 1.1809800000000002e-05
546 405.23807525634766 0.05386699363589287 2.3336308002471924 22.462047576904297 1.1809800000000002e-05
547 396.8837842941284 0.03855964168906212 1.4504036903381348 16.48075294494629 1.1809800000000002e-05
548 398.3420600891113 0.047007326036691666 1.513485074043274 15.144766807556152 1.1809800000000002e-05
549 395.8106336593628 0.025951193645596504 1.4980087280273438 13.725760459899902 1.1809800000000002e-05
550 398.1872720718384 0.05430680513381958 2.0990140438079834 16.7485294342041 1.1809800000000002e-05
551 388.7793493270874 0.041364893317222595 1.5233725309371948 8.402750015258789 1.1809800000000002e-05
552 392.72882175445557 0.042962174862623215 1.640268325805664 10.156830787658691 1.1809800000000002e-05
553 395.9880657196045 0.04707996919751167 2.191422700881958 18.54701805114746 1.1809800000000002e-05
554 389.8473310470581 0.020557766780257225 1.5106667280197144 8.565678596496582 1.1809800000000002e-05
555 398.10021686553955 0.04311136156320572 1.9866923093795776 18.287805557250977 1.1809800000000002e-05
556 391.1708011627197 0.035073742270469666 1.405530571937561 12.111063957214355 1.1809800000000002e-05
557 391.5224361419678 0.03928375989198685 1.7494010925292969 15.522643089294434 1.1809800000000002e-05
558 396.7221727371216 0.03786202892661095 1.433207631111145 15.094955444335938 1.1809800000000002e-05
559 390.9403877258301 0.04527299851179123 1.6007903814315796 12.188488006591797 1.1809800000000002e-05
560 393.48548698425293 0.04494822770357132 1.4684877395629883 15.351150512695312 1.1809800000000002e-05
561 400.3120937347412 0.04766274616122246 2.155897617340088 20.65303611755371 1.1809800000000002e-05
562 395.2388505935669 0.0457020029425621 1.829903244972229 17.09452247619629 1.1809800000000002e-05
563 387.9939489364624 0.04378582537174225 1.6356130838394165 10.555546760559082 1.1809800000000002e-05
564 396.23810863494873 0.041306860744953156 1.8214515447616577 20.561588287353516 1.1809800000000002e-05
565 388.6731414794922 0.03095163404941559 1.534327745437622 12.040816307067871 1.1809800000000002e-05
566 388.5287218093872 0.050617020577192307 1.7765659093856812 15.4822998046875 1.1809800000000002e-05
567 389.2799015045166 0.050578925758600235 1.3605066537857056 9.863112449645996 1.1809800000000002e-05
568 392.5481719970703 0.043996647000312805 1.7555261850357056 16.547239303588867 1.1809800000000002e-05
569 386.8631811141968 0.037386465817689896 1.381877064704895 14.394865989685059 1.1809800000000002e-05
570 385.2899122238159 0.03410009294748306 1.557015061378479 10.081074714660645 1.1809800000000002e-05
571 389.196852684021 0.03419363126158714 1.7602207660675049 14.597554206848145 1.1809800000000002e-05
572 387.22493743896484 0.032713498920202255 1.3157429695129395 11.680030822753906 1.1809800000000002e-05
573 391.2434329986572 0.0800543799996376 2.156310558319092 19.100812911987305 1.1809800000000002e-05
574 379.8526611328125 0.03511995077133179 1.4724910259246826 9.174551010131836 1.1809800000000002e-05
575 390.7924814224243 0.0375538170337677 1.9914648532867432 15.507222175598145 1.1809800000000002e-05
576 390.0476665496826 0.05185965448617935 1.793993592262268 15.657621383666992 1.1809800000000002e-05
577 389.1131925582886 0.041347403079271317 2.0428378582000732 15.594860076904297 1.1809800000000002e-05
578 389.6797981262207 0.060799792408943176 1.9703562259674072 16.571990966796875 1.1809800000000002e-05
579 382.13383293151855 0.04962485283613205 1.317886233329773 9.31384563446045 1.1809800000000002e-05
580 383.89665126800537 0.04282970353960991 2.3439548015594482 14.970958709716797 1.1809800000000002e-05
581 382.8277187347412 0.02816830389201641 1.2522079944610596 8.604652404785156 1.1809800000000002e-05
582 385.2718734741211 0.03548610955476761 1.8702045679092407 15.149420738220215 1.1809800000000002e-05
583 373.9984521865845 0.030280694365501404 1.1239198446273804 6.467350959777832 1.1809800000000002e-05
584 376.3350305557251 0.07348307222127914 1.3269609212875366 10.864009857177734 1.1809800000000002e-05
585 394.05332469940186 0.0549575500190258 3.053908348083496 24.490041732788086 1.1809800000000002e-05
586 386.0436315536499 0.03880375251173973 1.5372422933578491 16.076465606689453 1.1809800000000002e-05
587 375.06074142456055 0.020421786233782768 1.1125742197036743 5.903416156768799 1.1809800000000002e-05
588 381.34071922302246 0.05907981097698212 1.8037502765655518 13.792829513549805 1.1809800000000002e-05
589 379.4231243133545 0.0352461114525795 1.498708963394165 13.941064834594727 1.1809800000000002e-05
590 383.3395185470581 0.04839418828487396 1.6059627532958984 16.593957901000977 1.1809800000000002e-05
591 381.17251777648926 0.03847746551036835 1.6447635889053345 14.532880783081055 1.1809800000000002e-05
592 382.9496011734009 0.0925765335559845 1.7534782886505127 16.952505111694336 1.1809800000000002e-05
593 375.8335590362549 0.020960859954357147 1.4962539672851562 8.099320411682129 1.1809800000000002e-05
594 388.9213809967041 0.05427634343504906 3.0039963722229004 23.94315528869629 1.1809800000000002e-05
595 378.48465728759766 0.040937360376119614 1.8377693891525269 15.199081420898438 1.1809800000000002e-05
596 378.84852409362793 0.06965012848377228 1.6774879693984985 11.920316696166992 1.1809800000000002e-05
597 383.8593759536743 0.041943203657865524 1.919197678565979 16.73624610900879 1.1809800000000002e-05
598 382.7520933151245 0.040122151374816895 1.8797129392623901 19.39242172241211 1.1809800000000002e-05
599 378.9934129714966 0.038814738392829895 1.64395272731781 15.149955749511719 1.1809800000000002e-05
600 375.7974796295166 0.04634765908122063 1.2909916639328003 11.707816123962402 1.0628820000000002e-05
601 382.1378746032715 0.08228456228971481 1.9409284591674805 18.81987762451172 1.0628820000000002e-05
602 380.3137092590332 0.07135293632745743 1.9205265045166016 16.92998504638672 1.0628820000000002e-05
603 376.68098068237305 0.036476556211709976 1.4269299507141113 14.678436279296875 1.0628820000000002e-05
604 378.1656799316406 0.04568519443273544 1.9013851881027222 15.813743591308594 1.0628820000000002e-05
605 374.82118797302246 0.05517597869038582 2.14542555809021 14.33205509185791 1.0628820000000002e-05
606 377.2808094024658 0.056697629392147064 1.7502148151397705 20.261781692504883 1.0628820000000002e-05
607 375.91825103759766 0.03571923077106476 1.722725749015808 13.273355484008789 1.0628820000000002e-05
608 380.3760404586792 0.07332397252321243 2.0747861862182617 17.38587760925293 1.0628820000000002e-05
609 375.83397102355957 0.05137825757265091 2.1436405181884766 17.02790641784668 1.0628820000000002e-05
610 386.7240619659424 0.05295989662408829 2.9129185676574707 23.56298828125 1.0628820000000002e-05
611 368.7333641052246 0.020809896290302277 1.5059597492218018 8.314212799072266 1.0628820000000002e-05
612 370.07995891571045 0.12272564321756363 1.2883614301681519 10.341962814331055 1.0628820000000002e-05
613 378.44874572753906 0.05126536637544632 1.9996823072433472 16.801280975341797 1.0628820000000002e-05
614 370.78910732269287 0.03944015875458717 1.793958306312561 15.147333145141602 1.0628820000000002e-05
615 371.28511810302734 0.06808186322450638 1.7644001245498657 10.350473403930664 1.0628820000000002e-05
616 370.2931709289551 0.042708657681941986 1.7652651071548462 13.900015830993652 1.0628820000000002e-05
617 370.1014995574951 0.08419492095708847 1.3144522905349731 12.52590274810791 1.0628820000000002e-05
618 373.3170700073242 0.03930606693029404 1.4844954013824463 14.343820571899414 1.0628820000000002e-05
619 371.6434373855591 0.03811899572610855 1.7228237390518188 13.102548599243164 1.0628820000000002e-05
620 371.29688930511475 0.03296869248151779 1.6522104740142822 12.311681747436523 1.0628820000000002e-05
621 370.861177444458 0.052131980657577515 1.7708981037139893 14.249735832214355 1.0628820000000002e-05
622 373.40839290618896 0.04661903530359268 1.8008164167404175 18.161514282226562 1.0628820000000002e-05
623 364.903037071228 0.04088735580444336 1.439918041229248 9.93910026550293 1.0628820000000002e-05
624 367.99602794647217 0.07034210860729218 2.032299518585205 13.347644805908203 1.0628820000000002e-05
625 366.6496171951294 0.08683597296476364 1.3623745441436768 12.224814414978027 1.0628820000000002e-05
626 363.5092601776123 0.038233108818531036 1.443518042564392 11.31220817565918 1.0628820000000002e-05
627 371.8466444015503 0.05744266137480736 1.797037124633789 19.211606979370117 1.0628820000000002e-05
628 372.3279857635498 0.04931170865893364 1.789486289024353 16.881004333496094 1.0628820000000002e-05
629 370.6716203689575 0.05114687606692314 1.746960997581482 14.20741081237793 1.0628820000000002e-05
630 363.16219425201416 0.04452870786190033 1.2197502851486206 10.209245681762695 1.0628820000000002e-05
631 368.68341064453125 0.03802858293056488 1.479954481124878 14.107152938842773 1.0628820000000002e-05
632 368.1872682571411 0.035280562937259674 1.855080008506775 13.704793930053711 1.0628820000000002e-05
633 359.56613063812256 0.03921293094754219 1.5110710859298706 7.472714900970459 1.0628820000000002e-05
634 364.3735055923462 0.037669356912374496 1.5239969491958618 14.278613090515137 1.0628820000000002e-05
635 369.547456741333 0.03761044144630432 1.631485939025879 17.3855037689209 1.0628820000000002e-05
636 361.4584436416626 0.029428701847791672 1.1650055646896362 9.838305473327637 1.0628820000000002e-05
637 360.68973445892334 0.124709852039814 1.2748059034347534 10.234822273254395 1.0628820000000002e-05
638 368.8656177520752 0.03809570521116257 1.4775978326797485 16.026384353637695 1.0628820000000002e-05
639 364.99643421173096 0.04755104333162308 1.3286494016647339 9.456343650817871 1.0628820000000002e-05
640 368.50297260284424 0.0579652413725853 1.9647077322006226 16.034828186035156 1.0628820000000002e-05
641 363.4792757034302 0.0304688923060894 1.7108932733535767 12.330053329467773 1.0628820000000002e-05
642 367.7962312698364 0.03953776881098747 1.8200123310089111 16.39826774597168 1.0628820000000002e-05
643 362.78528213500977 0.03459769859910011 1.824349284172058 14.350630760192871 1.0628820000000002e-05
644 367.2337989807129 0.03485666960477829 1.3151028156280518 16.252103805541992 1.0628820000000002e-05
645 362.52781200408936 0.03056727722287178 1.7368494272232056 12.403762817382812 1.0628820000000002e-05
646 360.4728012084961 0.04285624995827675 1.7164283990859985 12.091689109802246 1.0628820000000002e-05
647 362.7262830734253 0.05470879375934601 1.2891690731048584 14.91905403137207 1.0628820000000002e-05
648 360.50774097442627 0.03482691943645477 1.8687978982925415 13.83713150024414 1.0628820000000002e-05
649 368.5336742401123 0.06332980841398239 2.7572181224823 21.415372848510742 1.0628820000000002e-05
650 362.97671604156494 0.03921002522110939 1.822759985923767 12.579078674316406 1.0628820000000002e-05
651 359.9014320373535 0.07121442258358002 1.838579535484314 12.872051239013672 1.0628820000000002e-05
652 368.7703342437744 0.0825757309794426 2.3210649490356445 21.732757568359375 1.0628820000000002e-05
653 365.911545753479 0.05856618657708168 1.8975471258163452 18.40660285949707 1.0628820000000002e-05
654 358.1449556350708 0.037947122007608414 1.5583034753799438 11.68525505065918 1.0628820000000002e-05
655 360.34081649780273 0.045893345028162 1.7594012022018433 13.916268348693848 1.0628820000000002e-05
656 357.18233013153076 0.029505256563425064 1.5228314399719238 10.87004280090332 1.0628820000000002e-05
657 356.72365379333496 0.030264848843216896 1.1538060903549194 11.484845161437988 1.0628820000000002e-05
658 363.89526176452637 0.04590509831905365 1.764983057975769 13.151241302490234 1.0628820000000002e-05
659 368.2912406921387 0.08435365557670593 2.401472806930542 21.315671920776367 1.0628820000000002e-05
660 356.7577438354492 0.04573308676481247 1.6320966482162476 10.695984840393066 1.0628820000000002e-05
661 357.7348403930664 0.03792393207550049 1.4959660768508911 13.443610191345215 1.0628820000000002e-05
662 357.9414892196655 0.03825671598315239 1.792823076248169 12.564372062683105 1.0628820000000002e-05
663 356.1200304031372 0.040907345712184906 2.039184331893921 14.16557788848877 1.0628820000000002e-05
664 353.1028871536255 0.07460200041532516 1.3370773792266846 9.5385160446167 1.0628820000000002e-05
665 360.5714473724365 0.05478954315185547 1.9443321228027344 18.275251388549805 1.0628820000000002e-05
666 352.19736194610596 0.03695828467607498 1.695312738418579 10.861140251159668 1.0628820000000002e-05
667 354.0110282897949 0.05321871116757393 1.8006914854049683 11.997800827026367 1.0628820000000002e-05
668 356.790283203125 0.051728393882513046 2.1019692420959473 12.655549049377441 1.0628820000000002e-05
669 351.83300018310547 0.025675954297184944 1.4329079389572144 9.93889045715332 1.0628820000000002e-05
670 355.34300327301025 0.05668347328901291 1.9624121189117432 15.296597480773926 1.0628820000000002e-05
671 354.46942615509033 0.041717492043972015 1.8191900253295898 14.700923919677734 1.0628820000000002e-05
672 358.51531410217285 0.04386291280388832 2.054006338119507 19.414562225341797 1.0628820000000002e-05
673 353.84531116485596 0.03322527930140495 1.6505440473556519 14.100931167602539 1.0628820000000002e-05
674 352.0665683746338 0.02524365484714508 1.3032945394515991 7.769331932067871 1.0628820000000002e-05
675 358.11983489990234 0.026516996324062347 1.9927107095718384 17.552268981933594 1.0628820000000002e-05
676 361.26466369628906 0.0954790785908699 1.7119678258895874 14.941473960876465 1.0628820000000002e-05
677 347.7114152908325 0.04581752046942711 1.4426828622817993 9.720291137695312 1.0628820000000002e-05
678 357.99948501586914 0.056222766637802124 1.7770271301269531 19.55021858215332 1.0628820000000002e-05
679 350.4567584991455 0.04981382191181183 1.5881922245025635 13.24991226196289 1.0628820000000002e-05
680 359.334584236145 0.05776301398873329 1.993122935295105 21.756088256835938 1.0628820000000002e-05
681 355.83780002593994 0.05534340441226959 2.043510913848877 15.554560661315918 1.0628820000000002e-05
682 350.3623380661011 0.03314296528697014 1.650532603263855 10.454355239868164 1.0628820000000002e-05
683 355.4534521102905 0.05300389230251312 1.9653147459030151 17.35706901550293 1.0628820000000002e-05
684 349.9372615814209 0.030760588124394417 1.3296042680740356 10.331165313720703 1.0628820000000002e-05
685 348.3116092681885 0.04325165972113609 2.1729226112365723 13.482274055480957 1.0628820000000002e-05
686 354.958872795105 0.05553144961595535 2.023890256881714 16.302812576293945 1.0628820000000002e-05
687 352.59165477752686 0.04520563781261444 1.7882393598556519 12.131739616394043 1.0628820000000002e-05
688 348.38378143310547 0.041821178048849106 1.4648947715759277 9.452898979187012 1.0628820000000002e-05
689 346.8386573791504 0.036836352199316025 1.4089488983154297 10.500134468078613 1.0628820000000002e-05
690 350.71931648254395 0.03436845913529396 1.8255077600479126 13.605295181274414 1.0628820000000002e-05
691 354.7747468948364 0.07553686946630478 2.0944700241088867 16.861967086791992 1.0628820000000002e-05
692 352.74321365356445 0.036997511982917786 1.4527193307876587 15.76158332824707 1.0628820000000002e-05
693 349.7277250289917 0.03703059256076813 1.6941238641738892 10.467691421508789 1.0628820000000002e-05
694 347.2724504470825 0.06501269340515137 1.5017975568771362 10.713089942932129 1.0628820000000002e-05
695 348.8799695968628 0.039531249552965164 1.8565866947174072 14.74033260345459 1.0628820000000002e-05
696 343.6620054244995 0.02570332959294319 1.633981704711914 11.104069709777832 1.0628820000000002e-05
697 344.0547294616699 0.04393398016691208 1.7411726713180542 9.089204788208008 1.0628820000000002e-05
698 346.422287940979 0.12566077709197998 1.3235597610473633 9.809797286987305 1.0628820000000002e-05
699 348.60603046417236 0.04253449663519859 1.66347336769104 11.055734634399414 1.0628820000000002e-05
700 345.05218410491943 0.02896876633167267 1.1583067178726196 10.832141876220703 9.565938000000002e-06
701 351.26427841186523 0.04818572476506233 1.5432435274124146 13.07433032989502 9.565938000000002e-06
702 349.4926128387451 0.04722817614674568 1.8898429870605469 13.880841255187988 9.565938000000002e-06
703 350.4537239074707 0.04515139386057854 2.2551286220550537 14.833431243896484 9.565938000000002e-06
704 343.13715839385986 0.044453639537096024 1.7924505472183228 12.11400032043457 9.565938000000002e-06
705 354.8355531692505 0.06108827143907547 2.922372817993164 25.39105987548828 9.565938000000002e-06
706 344.0837631225586 0.0342983715236187 1.39594304561615 11.086261749267578 9.565938000000002e-06
707 344.68469429016113 0.03669155016541481 1.6313889026641846 10.910005569458008 9.565938000000002e-06
708 342.9025001525879 0.09018632024526596 1.2969385385513306 9.708080291748047 9.565938000000002e-06
709 344.97627544403076 0.0455593578517437 1.5642632246017456 12.977938652038574 9.565938000000002e-06
710 342.33409118652344 0.029665976762771606 1.47323477268219 11.169794082641602 9.565938000000002e-06
711 347.6633882522583 0.0737547054886818 2.2150158882141113 16.231908798217773 9.565938000000002e-06
712 347.087890625 0.03881163150072098 1.8816509246826172 14.302204132080078 9.565938000000002e-06
713 340.8436288833618 0.04512573406100273 1.702408790588379 12.809931755065918 9.565938000000002e-06
714 337.4164094924927 0.024742765352129936 1.253640055656433 9.039799690246582 9.565938000000002e-06
715 339.43960189819336 0.021054886281490326 1.1834733486175537 7.598567008972168 9.565938000000002e-06
716 344.6739730834961 0.043436549603939056 2.012031316757202 17.40568733215332 9.565938000000002e-06
717 345.8156795501709 0.03462165221571922 1.3218787908554077 15.114013671875 9.565938000000002e-06
718 345.08617210388184 0.06607716530561447 1.9160889387130737 15.802586555480957 9.565938000000002e-06
719 339.2352571487427 0.042038582265377045 1.3895246982574463 10.992828369140625 9.565938000000002e-06
720 341.81855487823486 0.02453165128827095 1.6964162588119507 11.442718505859375 9.565938000000002e-06
721 354.6048774719238 0.06830362230539322 2.3911924362182617 23.93766212463379 9.565938000000002e-06
722 339.4852876663208 0.041479382663965225 1.4104937314987183 11.30593204498291 9.565938000000002e-06
723 339.057879447937 0.025392981246113777 1.4665628671646118 10.566446304321289 9.565938000000002e-06
724 338.9632806777954 0.03419440612196922 1.6140918731689453 9.99365234375 9.565938000000002e-06
725 341.9709005355835 0.03593242168426514 1.611155390739441 13.596358299255371 9.565938000000002e-06
726 345.43975830078125 0.037430133670568466 2.113030433654785 16.166980743408203 9.565938000000002e-06
727 345.4919786453247 0.04543439298868179 2.3662145137786865 16.849557876586914 9.565938000000002e-06
728 346.0535898208618 0.08126145601272583 2.285187244415283 19.325775146484375 9.565938000000002e-06
729 343.2250747680664 0.030528366565704346 1.8129535913467407 12.55659008026123 9.565938000000002e-06
730 335.8431119918823 0.05662974342703819 1.3288977146148682 6.650547981262207 9.565938000000002e-06
731 340.7125425338745 0.054380595684051514 1.9128891229629517 13.953073501586914 9.565938000000002e-06
732 337.51772594451904 0.03326239436864853 1.446581244468689 10.863653182983398 9.565938000000002e-06
733 339.8872489929199 0.0415031760931015 2.1012775897979736 15.96593952178955 9.565938000000002e-06
734 332.94218587875366 0.033373113721609116 1.0731956958770752 6.554584503173828 9.565938000000002e-06
735 338.31720066070557 0.041629545390605927 1.8168420791625977 12.081809043884277 9.565938000000002e-06
736 337.8171262741089 0.024774963036179543 1.4681490659713745 12.621105194091797 9.565938000000002e-06
737 335.48772716522217 0.03514142334461212 1.7025812864303589 9.994781494140625 9.565938000000002e-06
738 329.44866275787354 0.031102528795599937 1.1575082540512085 4.115771293640137 9.565938000000002e-06
739 335.7715139389038 0.042706701904535294 1.703995704650879 11.712172508239746 9.565938000000002e-06
740 337.0046787261963 0.038679640740156174 1.7926483154296875 11.983558654785156 9.565938000000002e-06
741 330.87625885009766 0.033482544124126434 1.08158278465271 6.658818244934082 9.565938000000002e-06
742 333.0422019958496 0.03538765385746956 1.442647933959961 10.491689682006836 9.565938000000002e-06
743 336.3323097229004 0.06210322678089142 1.989892601966858 11.507229804992676 9.565938000000002e-06
744 328.540846824646 0.020180899649858475 1.193535566329956 7.467615604400635 9.565938000000002e-06
745 335.58086490631104 0.042471304535865784 1.2386397123336792 10.440714836120605 9.565938000000002e-06
746 334.8767786026001 0.032965946942567825 1.413774847984314 12.833209991455078 9.565938000000002e-06
747 336.449613571167 0.04233897477388382 1.8013705015182495 14.436786651611328 9.565938000000002e-06
748 338.5135498046875 0.03261872008442879 1.8722915649414062 14.258580207824707 9.565938000000002e-06
749 332.73089027404785 0.036486510187387466 1.6974891424179077 9.155303955078125 9.565938000000002e-06
750 333.15257263183594 0.03697803616523743 1.5004123449325562 6.942496299743652 9.565938000000002e-06
751 333.19449520111084 0.06543244421482086 1.6344069242477417 10.253555297851562 9.565938000000002e-06
752 329.09125995635986 0.06648284941911697 1.631673812866211 8.34249496459961 9.565938000000002e-06
753 339.9899387359619 0.06335117667913437 1.8786293268203735 21.932096481323242 9.565938000000002e-06
754 338.5097541809082 0.04301498085260391 2.445002317428589 17.6063232421875 9.565938000000002e-06
755 335.1085157394409 0.04575992003083229 1.8854049444198608 16.769411087036133 9.565938000000002e-06
756 334.50054931640625 0.04384615272283554 1.926496148109436 14.172831535339355 9.565938000000002e-06
757 332.7739944458008 0.06728418171405792 1.7906626462936401 12.233656883239746 9.565938000000002e-06
758 334.14780044555664 0.03400517255067825 1.3967573642730713 11.940237998962402 9.565938000000002e-06
759 327.3750581741333 0.06540043652057648 1.7269142866134644 8.737692832946777 9.565938000000002e-06
760 329.27213954925537 0.02323640137910843 1.430956244468689 8.680168151855469 9.565938000000002e-06
761 331.46972465515137 0.02876952290534973 1.5557808876037598 11.135419845581055 9.565938000000002e-06
762 333.43324279785156 0.030645474791526794 1.5139068365097046 14.61328411102295 9.565938000000002e-06
763 336.8865623474121 0.05799519643187523 2.830136775970459 18.188125610351562 9.565938000000002e-06
764 331.2111129760742 0.030539970844984055 1.6995214223861694 11.499326705932617 9.565938000000002e-06
765 331.48482608795166 0.04180959612131119 1.7643169164657593 11.616228103637695 9.565938000000002e-06
766 332.8766441345215 0.029611408710479736 1.3126055002212524 12.107504844665527 9.565938000000002e-06
767 329.8155288696289 0.050904467701911926 1.7961950302124023 10.692220687866211 9.565938000000002e-06
768 329.42335319519043 0.0378432534635067 1.8735710382461548 13.255996704101562 9.565938000000002e-06
769 332.7933006286621 0.04090021178126335 1.9655119180679321 14.974364280700684 9.565938000000002e-06
770 329.85940074920654 0.12416556477546692 1.324364185333252 8.390717506408691 9.565938000000002e-06
771 332.5226230621338 0.04310091212391853 2.4193031787872314 17.303836822509766 9.565938000000002e-06
772 328.08868980407715 0.03350842744112015 1.8303537368774414 12.18922233581543 9.565938000000002e-06
773 323.59013175964355 0.02385525219142437 1.553466796875 8.783206939697266 9.565938000000002e-06
774 326.62945079803467 0.031535275280475616 1.4765877723693848 7.74967622756958 9.565938000000002e-06
775 329.93226528167725 0.03358175605535507 2.1686758995056152 14.235269546508789 9.565938000000002e-06
776 320.87667179107666 0.018300164490938187 1.4953545331954956 6.667019844055176 9.565938000000002e-06
777 332.26354122161865 0.03649553284049034 2.1290783882141113 15.003011703491211 9.565938000000002e-06
778 324.56187534332275 0.023339727893471718 1.4099100828170776 8.079076766967773 9.565938000000002e-06
779 327.80564975738525 0.06091923639178276 1.989535927772522 11.125992774963379 9.565938000000002e-06
780 327.7339849472046 0.07622385025024414 1.5599656105041504 13.0471773147583 9.565938000000002e-06
781 320.6756548881531 0.07734303176403046 1.4247201681137085 6.112561225891113 9.565938000000002e-06
782 319.474618434906 0.047877002507448196 1.1848742961883545 6.483148574829102 9.565938000000002e-06
783 329.2048501968384 0.04594430327415466 1.9675190448760986 15.814680099487305 9.565938000000002e-06
784 326.1723699569702 0.07254850119352341 1.496813416481018 10.097611427307129 9.565938000000002e-06
785 331.4399080276489 0.08265277743339539 1.8553227186203003 16.446359634399414 9.565938000000002e-06
786 329.8014335632324 0.054815590381622314 2.0384767055511475 14.91063117980957 9.565938000000002e-06
787 326.43989276885986 0.03455176576972008 1.5483378171920776 13.334619522094727 9.565938000000002e-06
788 326.7919120788574 0.03445865958929062 1.7321569919586182 10.99429988861084 9.565938000000002e-06
789 321.4387812614441 0.07792665809392929 1.416303038597107 6.036659240722656 9.565938000000002e-06
790 330.667763710022 0.04403712972998619 2.3381340503692627 16.351913452148438 9.565938000000002e-06
791 320.6502437591553 0.07891008257865906 1.3806589841842651 6.104419708251953 9.565938000000002e-06
792 333.5917739868164 0.04057413339614868 2.3001973628997803 18.637760162353516 9.565938000000002e-06
793 327.4493112564087 0.03281829133629799 1.8114643096923828 12.008015632629395 9.565938000000002e-06
794 329.37389278411865 0.03543756529688835 2.1283228397369385 17.906829833984375 9.565938000000002e-06
795 324.21827507019043 0.029027845710515976 1.5771387815475464 10.83312702178955 9.565938000000002e-06
796 326.60528087615967 0.04289083555340767 1.7986141443252563 14.11076545715332 9.565938000000002e-06
797 325.14627170562744 0.04549206420779228 1.5149431228637695 13.482708930969238 9.565938000000002e-06
798 328.56683444976807 0.056758083403110504 2.8722615242004395 17.607906341552734 9.565938000000002e-06
799 329.4964427947998 0.046625446528196335 1.8530397415161133 14.905671119689941 9.565938000000002e-06
800 326.9132833480835 0.03366075083613396 1.6881929636001587 12.330202102661133 8.609344200000001e-06
801 320.58760929107666 0.03814560920000076 1.44512939453125 8.837549209594727 8.609344200000001e-06
802 318.94397354125977 0.030043132603168488 1.677451729774475 8.15208625793457 8.609344200000001e-06
803 324.5874185562134 0.041658561676740646 1.5825430154800415 13.470145225524902 8.609344200000001e-06
804 322.0568103790283 0.037546101957559586 1.8723865747451782 10.342097282409668 8.609344200000001e-06
805 319.7810888290405 0.023873072117567062 1.7211488485336304 11.195321083068848 8.609344200000001e-06
806 317.16380500793457 0.0222612414509058 1.4167091846466064 9.154000282287598 8.609344200000001e-06
807 318.33730125427246 0.028090825304389 1.6659125089645386 7.475077152252197 8.609344200000001e-06
808 318.1841974258423 0.050941113382577896 1.7461681365966797 10.174537658691406 8.609344200000001e-06
809 320.0217761993408 0.06601827591657639 1.7814728021621704 11.861344337463379 8.609344200000001e-06
810 320.03989028930664 0.051726676523685455 1.7473030090332031 10.20844841003418 8.609344200000001e-06
811 322.46643447875977 0.03748990222811699 1.9554601907730103 12.108118057250977 8.609344200000001e-06
812 321.48492527008057 0.04433850571513176 1.6358133554458618 11.656536102294922 8.609344200000001e-06
813 317.1236228942871 0.06350106000900269 1.5250850915908813 9.81916332244873 8.609344200000001e-06
814 323.85865020751953 0.04095476120710373 2.2630701065063477 17.76463508605957 8.609344200000001e-06
815 312.91437435150146 0.02911141887307167 1.1556510925292969 4.10837984085083 8.609344200000001e-06
816 322.5792598724365 0.05023791640996933 1.9429548978805542 13.203903198242188 8.609344200000001e-06
817 318.1293115615845 0.033705487847328186 1.7271512746810913 10.403597831726074 8.609344200000001e-06
818 322.20692348480225 0.06708519905805588 2.4340522289276123 14.782843589782715 8.609344200000001e-06
819 324.94421672821045 0.04761449620127678 2.087435722351074 15.790877342224121 8.609344200000001e-06
820 318.34063243865967 0.04205968976020813 1.5720502138137817 12.863459587097168 8.609344200000001e-06
821 315.7027425765991 0.028509097173810005 1.7384823560714722 9.991537094116211 8.609344200000001e-06
822 316.04381561279297 0.02956632897257805 1.5085207223892212 9.612497329711914 8.609344200000001e-06
823 317.0800905227661 0.04254595562815666 1.2611480951309204 9.890286445617676 8.609344200000001e-06
824 315.36613178253174 0.036106355488300323 1.7315555810928345 10.410348892211914 8.609344200000001e-06
825 318.3973217010498 0.025260360911488533 1.4718742370605469 11.282390594482422 8.609344200000001e-06
826 317.5212697982788 0.04549096152186394 2.058655261993408 12.421778678894043 8.609344200000001e-06
827 319.59801387786865 0.051888227462768555 1.3375095129013062 13.015551567077637 8.609344200000001e-06
828 320.253680229187 0.04188330098986626 1.846106767654419 13.552591323852539 8.609344200000001e-06
829 317.0464744567871 0.06995762884616852 2.027608871459961 11.548778533935547 8.609344200000001e-06
830 330.5399417877197 0.0639750137925148 2.853771924972534 23.47606086730957 8.609344200000001e-06
831 313.4580535888672 0.028850167989730835 1.4678617715835571 9.604194641113281 8.609344200000001e-06
832 317.3501148223877 0.14335739612579346 1.5326776504516602 10.480024337768555 8.609344200000001e-06
833 320.45045471191406 0.03638226538896561 1.9643163681030273 15.0230073928833 8.609344200000001e-06
834 319.6534547805786 0.0443217009305954 2.134070634841919 12.835567474365234 8.609344200000001e-06
835 313.5544271469116 0.06519882380962372 1.5998929738998413 8.006732940673828 8.609344200000001e-06
836 318.3493881225586 0.041847337037324905 2.3811893463134766 14.94803237915039 8.609344200000001e-06
837 310.9815034866333 0.040282152593135834 1.5676336288452148 8.47891616821289 8.609344200000001e-06
838 316.187949180603 0.04521219804883003 1.7368196249008179 12.670309066772461 8.609344200000001e-06
839 313.6201686859131 0.04019981250166893 1.5695356130599976 12.26417064666748 8.609344200000001e-06
840 311.62244510650635 0.06179890036582947 1.7088263034820557 8.119562149047852 8.609344200000001e-06
841 315.1158981323242 0.03214113786816597 1.772260069847107 11.97110366821289 8.609344200000001e-06
842 316.1930103302002 0.05928821861743927 1.6577285528182983 12.912433624267578 8.609344200000001e-06
843 310.76994132995605 0.0481385700404644 1.4133678674697876 10.493595123291016 8.609344200000001e-06
844 311.6977643966675 0.04136383533477783 1.6496959924697876 10.004959106445312 8.609344200000001e-06
845 309.2578320503235 0.02086303010582924 1.1721681356430054 4.966999530792236 8.609344200000001e-06
846 311.9223051071167 0.028468888252973557 1.208255648612976 8.889710426330566 8.609344200000001e-06
847 313.5385694503784 0.0475887767970562 1.4137381315231323 9.806061744689941 8.609344200000001e-06
848 311.62672328948975 0.05873221158981323 1.9448221921920776 10.280624389648438 8.609344200000001e-06
849 315.8764066696167 0.0395161397755146 1.5113301277160645 13.443903923034668 8.609344200000001e-06
850 314.17055892944336 0.03428858146071434 2.164130926132202 13.173566818237305 8.609344200000001e-06
851 317.61412239074707 0.08035913109779358 1.4920085668563843 13.668780326843262 8.609344200000001e-06
852 312.2040033340454 0.023886235430836678 1.628355860710144 9.735620498657227 8.609344200000001e-06
853 311.64742374420166 0.028306158259510994 1.588981032371521 10.258906364440918 8.609344200000001e-06
854 316.26356506347656 0.03794988617300987 1.482800841331482 14.911931037902832 8.609344200000001e-06
855 313.69717597961426 0.03318795934319496 1.7959060668945312 11.616114616394043 8.609344200000001e-06
856 312.8537187576294 0.07045375555753708 2.0382678508758545 11.469223976135254 8.609344200000001e-06
857 311.18249893188477 0.05794503167271614 1.6125996112823486 9.097355842590332 8.609344200000001e-06
858 310.3940954208374 0.04193432629108429 1.2979145050048828 10.73081111907959 8.609344200000001e-06
859 322.8992567062378 0.06443171203136444 2.83512806892395 22.77669334411621 8.609344200000001e-06
860 317.8147211074829 0.07698183506727219 2.2584893703460693 16.911325454711914 8.609344200000001e-06
861 306.7624406814575 0.027502555400133133 1.3601702451705933 6.265828609466553 8.609344200000001e-06
862 312.05438709259033 0.04313419759273529 1.637923240661621 12.289875984191895 8.609344200000001e-06
863 315.1928987503052 0.0504864826798439 2.0741491317749023 17.979421615600586 8.609344200000001e-06
864 310.7173089981079 0.04546079784631729 1.769012451171875 12.10738468170166 8.609344200000001e-06
865 310.18691062927246 0.04319941997528076 2.0572116374969482 11.862041473388672 8.609344200000001e-06
866 314.5242729187012 0.03964048624038696 2.139716386795044 15.07448673248291 8.609344200000001e-06
867 305.8269844055176 0.02696012519299984 1.5573135614395142 7.879148006439209 8.609344200000001e-06
868 315.4752502441406 0.05456473305821419 2.8154163360595703 15.832148551940918 8.609344200000001e-06
869 307.1152467727661 0.06390038132667542 1.6008533239364624 8.05659008026123 8.609344200000001e-06
870 306.710542678833 0.03905188664793968 1.5821787118911743 7.984026908874512 8.609344200000001e-06
871 308.6245927810669 0.03664100915193558 1.4621776342391968 8.150309562683105 8.609344200000001e-06
872 310.4402542114258 0.07474873214960098 1.5834025144577026 12.578898429870605 8.609344200000001e-06
873 310.34539222717285 0.06151442229747772 1.8336385488510132 14.951576232910156 8.609344200000001e-06
874 309.07037925720215 0.03388717398047447 1.715579628944397 12.04734992980957 8.609344200000001e-06
875 307.0483913421631 0.03157458081841469 1.7823282480239868 11.37341594696045 8.609344200000001e-06
876 310.33329486846924 0.05644228309392929 1.9285001754760742 16.601476669311523 8.609344200000001e-06
877 309.0471067428589 0.04251709207892418 1.5819686651229858 11.233674049377441 8.609344200000001e-06
878 307.7660217285156 0.04282749071717262 1.326735019683838 10.677387237548828 8.609344200000001e-06
879 305.53994274139404 0.07943424582481384 1.3979705572128296 10.139405250549316 8.609344200000001e-06
880 304.20130443573 0.03919672220945358 1.478027582168579 10.25445556640625 8.609344200000001e-06
881 307.3067874908447 0.027712715789675713 1.6107310056686401 10.13159465789795 8.609344200000001e-06
882 306.186315536499 0.05663004517555237 1.9455413818359375 10.079766273498535 8.609344200000001e-06
883 307.3019666671753 0.04127794876694679 2.08614444732666 10.881153106689453 8.609344200000001e-06
884 306.74522590637207 0.03991526737809181 1.4465996026992798 9.782645225524902 8.609344200000001e-06
885 307.8380708694458 0.03134802356362343 1.4821099042892456 9.379937171936035 8.609344200000001e-06
886 311.44813442230225 0.038069043308496475 2.1656060218811035 15.083711624145508 8.609344200000001e-06
887 308.065486907959 0.04316043481230736 2.102287530899048 12.302318572998047 8.609344200000001e-06
888 307.16154766082764 0.046473365277051926 1.5570638179779053 12.470010757446289 8.609344200000001e-06
889 306.9945011138916 0.09156269580125809 1.71849524974823 13.656907081604004 8.609344200000001e-06
890 302.7871103286743 0.02657286822795868 1.5540412664413452 7.254642963409424 8.609344200000001e-06
891 301.671425819397 0.021679846569895744 1.4216430187225342 8.386837005615234 8.609344200000001e-06
892 306.513689994812 0.038366273045539856 1.7055877447128296 10.646669387817383 8.609344200000001e-06
893 306.5798397064209 0.0437922328710556 2.0827877521514893 12.116876602172852 8.609344200000001e-06
894 308.02076721191406 0.03183332085609436 1.5596652030944824 12.2904691696167 8.609344200000001e-06
895 304.55568408966064 0.040142253041267395 1.5889225006103516 12.118765830993652 8.609344200000001e-06
896 302.44489192962646 0.05853860080242157 1.3594608306884766 6.864802837371826 8.609344200000001e-06
897 312.55392932891846 0.06439603120088577 2.361543893814087 20.384288787841797 8.609344200000001e-06
898 308.5604705810547 0.0391109474003315 1.8403892517089844 15.344139099121094 8.609344200000001e-06
899 303.96203231811523 0.030283773317933083 1.5525614023208618 8.178220748901367 8.609344200000001e-06
900 300.8803129196167 0.03217236325144768 1.644383430480957 10.4381685256958 7.748409780000001e-06
901 302.20509910583496 0.03894724324345589 1.723976731300354 10.461091995239258 7.748409780000001e-06
902 302.9107332229614 0.03224781155586243 1.6236518621444702 10.890690803527832 7.748409780000001e-06
903 306.96260356903076 0.04100749269127846 1.8414033651351929 13.749404907226562 7.748409780000001e-06
904 303.15151596069336 0.03168735280632973 1.8097562789916992 10.94687271118164 7.748409780000001e-06
905 304.4891939163208 0.06133482977747917 2.2015161514282227 12.035996437072754 7.748409780000001e-06
906 306.4153347015381 0.04298616945743561 2.127291440963745 11.930551528930664 7.748409780000001e-06
907 301.0217695236206 0.046873800456523895 1.5910943746566772 9.321805000305176 7.748409780000001e-06
908 304.2830743789673 0.06390313059091568 2.118946075439453 13.791328430175781 7.748409780000001e-06
909 302.90220832824707 0.042351480573415756 1.6020185947418213 11.922258377075195 7.748409780000001e-06
910 306.1758642196655 0.04538151994347572 2.0813229084014893 14.741761207580566 7.748409780000001e-06
911 300.4750442504883 0.03861117362976074 1.711160659790039 10.322175025939941 7.748409780000001e-06
912 302.8906774520874 0.03499777242541313 1.6037338972091675 9.764232635498047 7.748409780000001e-06
913 302.5548801422119 0.02316182851791382 1.6878963708877563 10.006197929382324 7.748409780000001e-06
914 304.6138916015625 0.03376930207014084 1.942087173461914 13.919897079467773 7.748409780000001e-06
915 301.03223514556885 0.027317890897393227 1.5969680547714233 10.016939163208008 7.748409780000001e-06
916 301.2647409439087 0.02697407640516758 1.6773613691329956 11.443367004394531 7.748409780000001e-06
917 300.3267288208008 0.03196507692337036 1.8008874654769897 10.084141731262207 7.748409780000001e-06
918 301.48271465301514 0.03481673449277878 1.3350175619125366 13.132651329040527 7.748409780000001e-06
919 303.0522241592407 0.052223388105630875 1.7681585550308228 16.94230842590332 7.748409780000001e-06
920 297.13761806488037 0.06182755529880524 1.591060996055603 7.428189277648926 7.748409780000001e-06
921 301.9497528076172 0.06233914569020271 1.640559434890747 13.99805736541748 7.748409780000001e-06
922 298.92538261413574 0.031084908172488213 1.520673394203186 8.336864471435547 7.748409780000001e-06
923 301.00516414642334 0.04841361194849014 1.9331763982772827 11.873257637023926 7.748409780000001e-06
924 299.15902614593506 0.030805695801973343 1.770198106765747 11.130441665649414 7.748409780000001e-06
925 298.73591136932373 0.1415943056344986 1.5391170978546143 9.97049617767334 7.748409780000001e-06
926 301.85958194732666 0.047561563551425934 1.864357829093933 11.616288185119629 7.748409780000001e-06
927 297.37134170532227 0.08396598696708679 1.2944055795669556 7.68620491027832 7.748409780000001e-06
928 298.59706687927246 0.025970427319407463 1.3281724452972412 8.81210994720459 7.748409780000001e-06
929 305.0939664840698 0.06264100223779678 1.9467865228652954 16.06218910217285 7.748409780000001e-06
930 303.1176929473877 0.04142675921320915 2.0891053676605225 13.760198593139648 7.748409780000001e-06
931 299.1775140762329 0.03583696484565735 1.5908102989196777 9.457165718078613 7.748409780000001e-06
932 300.94994354248047 0.029903670772910118 1.4446862936019897 11.67988109588623 7.748409780000001e-06
933 297.74241065979004 0.04186713322997093 1.4291801452636719 7.823855876922607 7.748409780000001e-06
934 304.01567363739014 0.036878552287817 2.1297709941864014 16.202043533325195 7.748409780000001e-06
935 295.3283739089966 0.03533998504281044 1.6064825057983398 8.449556350708008 7.748409780000001e-06
936 298.73530197143555 0.0380433015525341 1.5277875661849976 12.712239265441895 7.748409780000001e-06
937 295.38751888275146 0.05797352269291878 1.3450640439987183 8.153977394104004 7.748409780000001e-06
938 299.17343616485596 0.020743204280734062 1.760904312133789 11.047296524047852 7.748409780000001e-06
939 298.467716217041 0.056962188333272934 1.6515114307403564 12.113423347473145 7.748409780000001e-06
940 299.0810823440552 0.02948254719376564 1.469394564628601 9.722875595092773 7.748409780000001e-06
941 301.38043880462646 0.06332474946975708 1.92836594581604 16.253313064575195 7.748409780000001e-06
942 296.737265586853 0.031060840934515 1.5779776573181152 9.091489791870117 7.748409780000001e-06
943 299.0974578857422 0.040985312312841415 1.9059603214263916 13.761200904846191 7.748409780000001e-06
944 293.6965169906616 0.03470563143491745 1.6126556396484375 8.472414016723633 7.748409780000001e-06
945 299.08758640289307 0.07057950645685196 2.0237786769866943 11.178399085998535 7.748409780000001e-06
946 298.0543899536133 0.03184521570801735 1.7764511108398438 11.112754821777344 7.748409780000001e-06
947 299.6500062942505 0.0406232625246048 1.840340495109558 13.532767295837402 7.748409780000001e-06
948 294.17718982696533 0.022739306092262268 1.4557114839553833 9.35678482055664 7.748409780000001e-06
949 296.04428482055664 0.052571021020412445 1.772668480873108 10.791110038757324 7.748409780000001e-06
950 296.6908416748047 0.033631011843681335 2.1280629634857178 12.09106159210205 7.748409780000001e-06
951 299.27373790740967 0.03845265507698059 2.1968655586242676 12.512069702148438 7.748409780000001e-06
952 295.0505208969116 0.0403493233025074 1.7280772924423218 10.716788291931152 7.748409780000001e-06
953 296.1134433746338 0.02566356398165226 1.6049457788467407 9.877461433410645 7.748409780000001e-06
954 296.71492099761963 0.0456831231713295 1.536725401878357 11.957828521728516 7.748409780000001e-06
955 298.3238515853882 0.03866303339600563 2.224517583847046 12.307581901550293 7.748409780000001e-06
956 294.142879486084 0.03951495885848999 1.6578598022460938 10.542563438415527 7.748409780000001e-06
957 294.9883756637573 0.02397475577890873 1.798609733581543 11.58244800567627 7.748409780000001e-06
958 294.4639492034912 0.03178812563419342 1.6584581136703491 10.175131797790527 7.748409780000001e-06
959 295.54320430755615 0.039952751249074936 1.862717866897583 11.118370056152344 7.748409780000001e-06
960 293.20658016204834 0.02959989383816719 1.6143709421157837 8.675359725952148 7.748409780000001e-06
961 295.8160696029663 0.043416257947683334 1.8172966241836548 12.543046951293945 7.748409780000001e-06
962 295.25761222839355 0.03488617390394211 1.4671778678894043 9.686244010925293 7.748409780000001e-06
963 291.45575618743896 0.028770357370376587 1.6744073629379272 9.623887062072754 7.748409780000001e-06
964 298.91223526000977 0.03946970775723457 1.8396891355514526 14.351951599121094 7.748409780000001e-06
965 296.50793170928955 0.03861032798886299 2.0446574687957764 13.767790794372559 7.748409780000001e-06
966 292.83260440826416 0.030497660860419273 1.5419331789016724 9.113119125366211 7.748409780000001e-06
967 294.9973258972168 0.04759473353624344 1.9255374670028687 11.185135841369629 7.748409780000001e-06
968 293.6145830154419 0.04270121455192566 2.1080126762390137 11.499738693237305 7.748409780000001e-06
969 291.4050483703613 0.022779341787099838 1.3930702209472656 8.333348274230957 7.748409780000001e-06
970 289.686767578125 0.030281588435173035 1.5598262548446655 8.74765396118164 7.748409780000001e-06
971 292.1603012084961 0.07908517122268677 1.3327230215072632 10.4041748046875 7.748409780000001e-06
972 291.3920478820801 0.029594380408525467 1.4583522081375122 11.1011381149292 7.748409780000001e-06
973 293.1120796203613 0.04547986015677452 1.7770538330078125 10.717013359069824 7.748409780000001e-06
974 292.99800300598145 0.04135698452591896 1.582578182220459 11.226805686950684 7.748409780000001e-06
975 296.85944652557373 0.037949088960886 2.0297484397888184 14.100530624389648 7.748409780000001e-06
976 292.68396282196045 0.029544124379754066 1.5868762731552124 8.724335670471191 7.748409780000001e-06
977 295.66812229156494 0.038438741117715836 2.242166519165039 11.922484397888184 7.748409780000001e-06
978 290.3479347229004 0.062005665153265 1.5800563097000122 7.195746421813965 7.748409780000001e-06
979 290.8209686279297 0.12207341939210892 1.3574904203414917 7.6361470222473145 7.748409780000001e-06
980 295.16655254364014 0.03277380019426346 1.9363151788711548 13.201519966125488 7.748409780000001e-06
981 286.93908882141113 0.04749928414821625 1.2284574508666992 6.056838512420654 7.748409780000001e-06
982 292.7379159927368 0.039911527186632156 1.7603447437286377 10.322114944458008 7.748409780000001e-06
983 294.5523557662964 0.05143062770366669 1.7530711889266968 16.084300994873047 7.748409780000001e-06
984 290.53352069854736 0.030231567099690437 1.6693423986434937 9.512249946594238 7.748409780000001e-06
985 291.50766468048096 0.03464218229055405 1.751222848892212 11.482537269592285 7.748409780000001e-06
986 292.78124618530273 0.07844914495944977 1.4912879467010498 12.83470630645752 7.748409780000001e-06
987 292.2500047683716 0.04280870780348778 1.8388385772705078 11.108773231506348 7.748409780000001e-06
988 295.6391191482544 0.033880069851875305 2.219695806503296 14.804319381713867 7.748409780000001e-06
989 294.20463943481445 0.048857856541872025 2.1459403038024902 12.339630126953125 7.748409780000001e-06
990 288.4956045150757 0.021969376131892204 1.4521589279174805 9.417847633361816 7.748409780000001e-06
991 294.7716808319092 0.03349190205335617 1.3440700769424438 13.157410621643066 7.748409780000001e-06
992 291.4203815460205 0.03617145121097565 1.772429347038269 10.856680870056152 7.748409780000001e-06
993 292.4208936691284 0.07890918105840683 1.5416810512542725 12.611879348754883 7.748409780000001e-06
994 292.4550771713257 0.037480488419532776 2.1595864295959473 13.329045295715332 7.748409780000001e-06
995 294.73722648620605 0.03817819803953171 2.309422254562378 15.796451568603516 7.748409780000001e-06
996 285.3782558441162 0.02275814302265644 1.3822317123413086 7.893306255340576 7.748409780000001e-06
997 287.07558155059814 0.034662146121263504 1.5092604160308838 7.825406074523926 7.748409780000001e-06
998 288.3646516799927 0.033538006246089935 1.5854947566986084 9.366052627563477 7.748409780000001e-06
999 288.63131523132324 0.03514358028769493 1.5999201536178589 9.170419692993164 7.748409780000001e-06
1000 284.31775665283203 0.01625746861100197 1.4998037815093994 5.907412052154541 6.973568802000001e-06